            1            -0.52            -0.52            0
            2            -0.44            -0.48            0.04
            3            -0.36            -0.44            0.046188
            4            -0.52            -0.46            0.0382971
            5            -0.44            -0.456            0.0299333
            6            -0.52            -0.466667            0.0266667
            7            -0.52            -0.474286            0.0237905
            8            -0.68            -0.5            0.0329502
            9            -0.6            -0.511111            0.0311111
            10            -0.52            -0.512            0.0278408
            11            -0.52            -0.512727            0.0251935
            12            -0.6            -0.52            0.0241209
            13            -0.6            -0.526154            0.0230256
            14            -0.52            -0.525714            0.0213221
            15            -0.52            -0.525333            0.0198534
            16            -0.6            -0.53            0.0191485
            17            -0.76            -0.543529            0.0225072
            18            -0.68            -0.551111            0.0225338
            19            -0.44            -0.545263            0.0221025
            20            -0.36            -0.536            0.0229232
            21            -0.28            -0.52381            0.0249807
            22            -0.28            -0.512727            0.0262702
            23            -0.6            -0.516522            0.0253872
            24            -0.6            -0.52            0.024554
            25            -0.44            -0.5168            0.0237678
            26            -0.52            -0.516923            0.0228357
            27            -0.2            -0.505185            0.0249122
            28            -0.36            -0.5            0.0245596
            29            -0.44            -0.497931            0.0237877
            30            -0.52            -0.498667            0.0229929
            31            -0.44            -0.496774            0.0223192
            32            -0.36            -0.4925            0.0220291
            33            -0.52            -0.493333            0.0213674
            34            -0.2            -0.484706            0.0224531
            35            -0.2            -0.476571            0.0232702
            36            -0.28            -0.471111            0.0232644
            37            -0.44            -0.47027            0.0226426
            38            -0.6            -0.473684            0.0223015
            39            -0.68            -0.478974            0.022357
            40            -0.44            -0.478            0.0218127
            41            -0.36            -0.475122            0.0214678
            42            -0.52            -0.47619            0.0209777
            43            -0.6            -0.47907            0.0206854
            44            -0.36            -0.476364            0.0203902
            45            -0.44            -0.475556            0.0199483
            46            -0.28            -0.471304            0.0199676
            47            -0.44            -0.470638            0.0195495
            48            -0.44            -0.47            0.0191485
            49            -0.28            -0.466122            0.0191504
            50            -0.44            -0.4656            0.0187707
            51            -0.36            -0.463529            0.0185151
            52            -0.44            -0.463077            0.0181612
            53            -0.52            -0.464151            0.0178476
            54            -0.44            -0.463704            0.0175197
            55            -0.6            -0.466182            0.0173758
            56            -0.28            -0.462857            0.0173836
            57            -0.44            -0.462456            0.0170806
            58            -0.52            -0.463448            0.0168128
            59            -0.52            -0.464407            0.0165532
            60            -0.36            -0.462667            0.0163677
            61            -0.12            -0.457049            0.0170492
            62            -0.36            -0.455484            0.0168448
            63            -0.44            -0.455238            0.0165771
            64            -0.52            -0.45625            0.0163474
            65            -0.52            -0.457231            0.0161238
            66            -0.36            -0.455758            0.0159458
            67            -0.44            -0.455522            0.0157078
            68            -0.12            -0.450588            0.0162426
            69            -0.2            -0.446957            0.0164123
            70            -0.44            -0.446857            0.0161765
            71            -0.44            -0.446761            0.0159473
            72            -0.6            -0.448889            0.0158676
            73            -0.44            -0.448767            0.0156492
            74            -0.52            -0.44973            0.0154663
            75            -0.6            -0.451733            0.0153897
            76            -0.52            -0.452632            0.0152124
            77            -0.28            -0.45039            0.01518
            78            -0.44            -0.450256            0.0149847
            79            -0.52            -0.451139            0.0148201
            80            -0.44            -0.451            0.0146344
            81            -0.6            -0.45284            0.0145692
            82            -0.44            -0.452683            0.0143912
            83            -0.6            -0.454458            0.0143272
            84            -0.52            -0.455238            0.0141771
            85            -0.36            -0.454118            0.014054
            86            -0.36            -0.453023            0.0139327
            87            -0.36            -0.451954            0.013813
            88            -0.36            -0.450909            0.0136951
            89            -0.6            -0.452584            0.0136436
            90            -0.28            -0.450667            0.0136267
            91            -0.36            -0.44967            0.0135129
            92            -0.44            -0.449565            0.0133657
            93            -0.6            -0.451183            0.0133198
            94            -0.36            -0.450213            0.0132129
            95            -0.28            -0.448421            0.0131953
            96            -0.44            -0.448333            0.0130575
            97            -0.44            -0.448247            0.0129224
            98            -0.36            -0.447347            0.0128215
            99            -0.6            -0.448889            0.0127847
            100            -0.6            -0.4504            0.0127461
            101            -0.44            -0.450297            0.0126197
            102            -0.52            -0.45098            0.012514
            103            -0.36            -0.450097            0.0124234
            104            -0.28            -0.448462            0.0124116
            105            -0.68            -0.450667            0.012489
            106            -0.6            -0.452075            0.0124506
            107            -0.6            -0.453458            0.0124109
            108            -0.52            -0.454074            0.0123109
            109            -0.44            -0.453945            0.0121981
            110            -0.6            -0.455273            0.0121594
            111            -0.44            -0.455135            0.0120502
            112            -0.52            -0.455714            0.0119561
            113            -0.44            -0.455575            0.0118507
            114            -0.28            -0.454035            0.0118468
            115            -0.44            -0.453913            0.011744
            116            -0.52            -0.454483            0.0116562
            117            -0.44            -0.454359            0.0115568
            118            -0.44            -0.454237            0.0114591
            119            -0.36            -0.453445            0.01139
            120            -0.44            -0.453333            0.0112952
            121            -0.52            -0.453884            0.011215
            122            -0.28            -0.452459            0.0112137
            123            -0.36            -0.451707            0.0111475
            124            -0.28            -0.450323            0.0111436
            125            -0.36            -0.4496            0.0110777
            126            -0.36            -0.448889            0.0110124
            127            -0.44            -0.448819            0.0109256
            128            -0.52            -0.449375            0.0108541
            129            -0.36            -0.448682            0.0107919
            130            -0.28            -0.447385            0.0107869
            131            -0.52            -0.447939            0.0107186
            132            -0.28            -0.446667            0.0107129
            133            -0.36            -0.446015            0.010652
            134            -0.36            -0.445373            0.0105917
            135            -0.6            -0.446519            0.0105751
            136            -0.6            -0.447647            0.0105576
            137            -0.44            -0.447591            0.0104804
            138            -0.44            -0.447536            0.0104043
            139            -0.52            -0.448058            0.0103423
            140            -0.52            -0.448571            0.010281
            141            -0.44            -0.448511            0.010208
            142            -0.52            -0.449014            0.0101484
            143            -0.44            -0.448951            0.0100774
            144            -0.52            -0.449444            0.0100193
            145            -0.6            -0.450483            0.010004
            146            -0.44            -0.450411            0.00993549
            147            -0.52            -0.450884            0.00987902
            148            -0.44            -0.450811            0.00981232
            149            -0.44            -0.450738            0.00974651
            150            -0.52            -0.4512            0.00969232
            151            -0.68            -0.452715            0.00974642
            152            -0.6            -0.453684            0.00973046
            153            -0.6            -0.454641            0.00971384
            154            -0.6            -0.455584            0.00969661
            155            -0.52            -0.456            0.0096428
            156            -0.52            -0.45641            0.00958957
            157            -0.36            -0.455796            0.00954806
            158            -0.36            -0.45519            0.00950679
            159            -0.52            -0.455597            0.0094556
            160            -0.52            -0.456            0.00940494
            161            -0.44            -0.455901            0.00934687
            162            -0.12            -0.453827            0.00951759
            163            -0.36            -0.453252            0.00947652
            164            -0.28            -0.452195            0.00947762
            165            -0.52            -0.452606            0.00942896
            166            -0.52            -0.453012            0.00938078
            167            -0.44            -0.452934            0.00932476
            168            -0.44            -0.452857            0.00926941
            169            -0.44            -0.452781            0.00921472
            170            -0.6            -0.453647            0.00920119
            171            -0.36            -0.453099            0.00916361
            172            -0.6            -0.453953            0.00915012
            173            -0.68            -0.45526            0.00919043
            174            -0.52            -0.455632            0.00914504
            175            -0.68            -0.456914            0.00918257
            176            -0.36            -0.456364            0.00914684
            177            -0.44            -0.456271            0.00909549
            178            -0.44            -0.45618            0.00904471
            179            -0.6            -0.456983            0.00902985
            180            -0.44            -0.456889            0.00898004
            181            -0.44            -0.456796            0.00893078
            182            -0.68            -0.458022            0.00896584
            183            -0.6            -0.458798            0.00895041
            184            -0.44            -0.458696            0.00890222
            185            -0.36            -0.458162            0.00887002
            186            -0.28            -0.457204            0.00887405
            187            -0.36            -0.456684            0.00884176
            188            -0.6            -0.457447            0.00882758
            189            -0.6            -0.458201            0.00881309
            190            -0.52            -0.458526            0.00877261
            191            -0.68            -0.459686            0.00880326
            192            -0.6            -0.460417            0.00878773
            193            -0.44            -0.460311            0.00874272
            194            -0.6            -0.461031            0.00872729
            195            -0.44            -0.460923            0.00868309
            196            -0.44            -0.460816            0.00863934
            197            -0.36            -0.460305            0.00861059
            198            -0.44            -0.460202            0.00856761
            199            -0.6            -0.460905            0.00855334
            200            -0.28            -0.46            0.0085584
            201            -0.68            -0.461095            0.00858577
            202            -0.44            -0.46099            0.0085438
            203            -0.28            -0.460099            0.00854823
            204            -0.2            -0.458824            0.00860124
            205            -0.36            -0.458341            0.00857275
            206            -0.44            -0.458252            0.0085315
            207            -0.28            -0.457391            0.00853374
            208            -0.44            -0.457308            0.00849302
            209            -0.36            -0.456842            0.0084651
            210            -0.44            -0.456762            0.00842508
            211            -0.36            -0.456303            0.00839759
            212            -0.52            -0.456604            0.00836328
            213            -0.52            -0.456901            0.00832924
            214            -0.44            -0.456822            0.00829061
            215            -0.36            -0.456372            0.00826423
            216            -0.52            -0.456667            0.00823116
            217            -0.44            -0.45659            0.0081935
            218            -0.36            -0.456147            0.00816785
            219            -0.36            -0.455708            0.00814231
            220            -0.44            -0.455636            0.00810553
            221            -0.52            -0.455928            0.00807403
            222            -0.44            -0.455856            0.0080379
            223            -0.2            -0.454709            0.00808361
            224            -0.36            -0.454286            0.00805854
            225            -0.12            -0.4528            0.00815905
            226            -0.36            -0.452389            0.00813324
            227            -0.36            -0.451982            0.00810756
            228            -0.28            -0.451228            0.00810709
            229            -0.28            -0.45048            0.00810617
            230            -0.44            -0.450435            0.00807097
            231            -0.44            -0.45039            0.00803609
            232            -0.6            -0.451034            0.00802732
            233            -0.44            -0.450987            0.00799293
            234            -0.44            -0.45094            0.00795884
            235            -0.52            -0.451234            0.00793035
            236            -0.28            -0.450508            0.00792993
            237            -0.52            -0.450802            0.00790185
            238            -0.52            -0.451092            0.00787394
            239            -0.6            -0.451715            0.00786564
            240            -0.44            -0.451667            0.00783295
            241            -0.36            -0.451286            0.00780965
            242            -0.44            -0.45124            0.00777745
            243            -0.36            -0.450864            0.00775448
            244            -0.36            -0.450492            0.00773161
            245            -0.76            -0.451755            0.00780293
            246            -0.6            -0.452358            0.00779447
            247            -0.36            -0.451984            0.00777185
            248            -0.36            -0.451613            0.00774933
            249            -0.44            -0.451566            0.00771829
            250            -0.6            -0.45216            0.00771025
            251            -0.52            -0.45243            0.00768422
            252            -0.6            -0.453016            0.00767604
            253            -0.52            -0.453281            0.00765022
            254            -0.52            -0.453543            0.00762457
            255            -0.6            -0.454118            0.0076163
            256            -0.28            -0.453437            0.00761691
            257            -0.36            -0.453074            0.00759592
            258            -0.36            -0.452713            0.00757502
            259            -0.44            -0.452664            0.00754588
            260            -0.36            -0.452308            0.00752524
            261            -0.52            -0.452567            0.00750084
            262            -0.44            -0.452519            0.00747231
            263            -0.44            -0.452471            0.007444
            264            -0.36            -0.452121            0.00742401
            265            -0.52            -0.452377            0.00740038
            266            -0.52            -0.452632            0.00737689
            267            -0.52            -0.452884            0.00735354
            268            -0.36            -0.452537            0.00733424
            269            -0.52            -0.452788            0.00731123
            270            -0.6            -0.453333            0.00730448
            271            -0.6            -0.453875            0.00729757
            272            -0.68            -0.454706            0.00731806
            273            -0.52            -0.454945            0.00729513
            274            -0.36            -0.454599            0.00727671
            275            -0.68            -0.455418            0.00729639
            276            -0.28            -0.454783            0.00729763
            277            -0.52            -0.455018            0.00727505
            278            -0.28            -0.454388            0.00727612
            279            -0.44            -0.454337            0.00725018
            280            -0.36            -0.454            0.00723209
            281            -0.36            -0.453665            0.00721407
            282            -0.52            -0.453901            0.00719229
            283            -0.44            -0.453852            0.007167
            284            -0.44            -0.453803            0.00714188
            285            -0.68            -0.454596            0.0071609
            286            -0.44            -0.454545            0.007136
            287            -0.36            -0.454216            0.00711872
            288            -0.2            -0.453333            0.00714866
            289            -0.28            -0.452734            0.00714909
            290            -0.28            -0.452138            0.00714925
            291            -0.52            -0.452371            0.00712845
            292            -0.68            -0.453151            0.00714664
            293            -0.52            -0.453379            0.00712586
            294            -0.6            -0.453878            0.00711907
            295            -0.44            -0.453831            0.00709506
            296            -0.44            -0.453784            0.0070712
            297            -0.28            -0.453199            0.0070716
            298            -0.44            -0.453154            0.00704797
            299            -0.36            -0.452843            0.00703126
            300            -0.28            -0.452267            0.00703143
            301            -0.28            -0.451694            0.00703136
            302            -0.28            -0.451126            0.00703106
            303            -0.2            -0.450297            0.00705666
            304            -0.52            -0.450526            0.00703714
            305            -0.52            -0.450754            0.00701773
            306            -0.68            -0.451503            0.00703477
            307            -0.44            -0.451466            0.00701191
            308            -0.6            -0.451948            0.00700573
            309            -0.44            -0.451909            0.00698313
            310            -0.36            -0.451613            0.00696688
            311            -0.28            -0.451061            0.00696633
            312            -0.44            -0.451026            0.00694405
            313            -0.44            -0.45099            0.00692192
            314            -0.44            -0.450955            0.00689993
            315            -0.36            -0.450667            0.00688405
            316            -0.6            -0.451139            0.00687848
            317            -0.28            -0.450599            0.00687797
            318            -0.52            -0.450818            0.00685978
            319            -0.44            -0.450784            0.00683833
            320            -0.52            -0.451            0.00682035
            321            -0.36            -0.450717            0.00680498
            322            -0.6            -0.45118            0.00679964
            323            -0.52            -0.451393            0.0067819
            324            -0.52            -0.451605            0.00676425
            325            -0.44            -0.451569            0.0067435
            326            -0.44            -0.451534            0.00672288
            327            -0.52            -0.451743            0.00670556
            328            -0.52            -0.451951            0.00668832
            329            -0.52            -0.452158            0.00667117
            330            -0.44            -0.452121            0.00665102
            331            -0.44            -0.452085            0.006631
            332            -0.36            -0.451807            0.00661681
            333            -0.6            -0.452252            0.00661191
            334            -0.6            -0.452695            0.00660691
            335            -0.68            -0.453373            0.00662201
            336            -0.44            -0.453333            0.00660239
            337            -0.44            -0.453294            0.00658289
            338            -0.52            -0.453491            0.00656635
            339            -0.6            -0.453923            0.0065612
            340            -0.44            -0.453882            0.006542
            341            -0.44            -0.453842            0.00652292
            342            -0.52            -0.454035            0.00650669
            343            -0.36            -0.453761            0.00649349
            344            -0.44            -0.453721            0.0064747
            345            -0.68            -0.454377            0.00648914
            346            -0.6            -0.454798            0.00648403
            347            -0.28            -0.454294            0.00648491
            348            -0.28            -0.453793            0.00648562
            349            -0.44            -0.453754            0.00646713
            350            -0.2            -0.453029            0.00648926
            351            -0.36            -0.452764            0.00647617
            352            -0.36            -0.4525            0.00646312
            353            -0.44            -0.452465            0.00644488
            354            -0.44            -0.452429            0.00642674
            355            -0.52            -0.45262            0.00641144
            356            -0.28            -0.452135            0.00641177
            357            -0.52            -0.452325            0.00639661
            358            -0.36            -0.452067            0.00638393
            359            -0.52            -0.452256            0.00636893
            360            -0.44            -0.452222            0.00635131
            361            -0.6            -0.452632            0.0063469
            362            -0.52            -0.452818            0.00633208
            363            -0.36            -0.452562            0.00631979
            364            -0.44            -0.452527            0.0063025
            365            -0.52            -0.452712            0.00628792
            366            -0.52            -0.452896            0.00627341
            367            -0.28            -0.452425            0.00627401
            368            -0.44            -0.452391            0.00625703
            369            -0.2            -0.451707            0.00627742
            370            -0.52            -0.451892            0.00626315
            371            -0.52            -0.452075            0.00624895
            372            -0.52            -0.452258            0.0062348
            373            -0.52            -0.45244            0.00622071
            374            -0.6            -0.452834            0.00621659
            375            -0.28            -0.452373            0.0062171
            376            -0.36            -0.452128            0.00620541
            377            -0.44            -0.452095            0.00618901
            378            -0.52            -0.452275            0.00617523
            379            -0.6            -0.452665            0.00617123
            380            -0.36            -0.452421            0.0061598
            381            -0.68            -0.453018            0.00617258
            382            -0.28            -0.452565            0.00617304
            383            -0.68            -0.453159            0.00618547
            384            -0.52            -0.453333            0.0061718
            385            -0.44            -0.453299            0.00615584
            386            -0.44            -0.453264            0.00613997
            387            -0.28            -0.452817            0.00614043
            388            -0.36            -0.452577            0.00612925
            389            -0.36            -0.452339            0.00611811
            390            -0.52            -0.452513            0.00610487
            391            -0.52            -0.452685            0.00609168
            392            -0.44            -0.452653            0.0060762
            393            -0.44            -0.452621            0.00606081
            394            -0.52            -0.452792            0.00604782
            395            -0.36            -0.452557            0.00603707
            396            -0.52            -0.452727            0.00602421
            397            -0.6            -0.453098            0.00602046
            398            -0.52            -0.453266            0.00600766
            399            -0.44            -0.453233            0.00599268
            400            -0.52            -0.4534            0.00598001
            401            -0.36            -0.453167            0.00596962
            402            -0.68            -0.453731            0.00598143
            403            -0.68            -0.454293            0.00599293
            404            -0.68            -0.454851            0.00600412
            405            -0.84            -0.455802            0.00606431
            406            -0.6            -0.456158            0.00605977
            407            -0.44            -0.456118            0.00604499
            408            -0.6            -0.456471            0.00604046
            409            -0.52            -0.456626            0.00602768
            410            -0.52            -0.45678            0.00601494
            411            -0.28            -0.45635            0.00601569
            412            -0.36            -0.456117            0.00600562
            413            -0.44            -0.456077            0.00599119
            414            -0.44            -0.456039            0.00597683
            415            -0.36            -0.455807            0.0059669
            416            -0.36            -0.455577            0.00595699
            417            -0.6            -0.455923            0.00595277
            418            -0.44            -0.455885            0.00593864
            419            -0.68            -0.45642            0.00594854
            420            -0.76            -0.457143            0.00597822
            421            -0.52            -0.457292            0.00596587
            422            -0.68            -0.45782            0.00597507
            423            -0.6            -0.458156            0.0059704
            424            -0.44            -0.458113            0.00595645
            425            -0.44            -0.458071            0.00594257
            426            -0.52            -0.458216            0.00593039
            427            -0.36            -0.457986            0.00592096
            428            -0.6            -0.458318            0.00591642
            429            -0.36            -0.458089            0.00590706
            430            -0.36            -0.45786            0.00589772
            431            -0.2            -0.457262            0.00591436
            432            -0.36            -0.457037            0.00590494
            433            -0.44            -0.456998            0.00589142
            434            -0.36            -0.456774            0.00588208
            435            -0.28            -0.456368            0.00588259
            436            -0.28            -0.455963            0.00588301
            437            -0.44            -0.455927            0.00586965
            438            -0.52            -0.456073            0.00585806
            439            -0.6            -0.456401            0.00585388
            440            -0.6            -0.456727            0.00584968
            441            -0.36            -0.456508            0.00584052
            442            -0.36            -0.45629            0.00583138
            443            -0.2            -0.455711            0.00584689
            444            -0.6            -0.456036            0.00584275
            445            -0.36            -0.45582            0.0058336
            446            -0.36            -0.455605            0.00582447
            447            -0.36            -0.455391            0.00581536
            448            -0.52            -0.455536            0.00580416
            449            -0.36            -0.455323            0.00579512
            450            -0.28            -0.454933            0.00579534
            451            -0.2            -0.454368            0.00581004
            452            -0.28            -0.453982            0.00580999
            453            -0.28            -0.453598            0.00580986
            454            -0.44            -0.453568            0.00579713
            455            -0.44            -0.453538            0.00578445
            456            -0.36            -0.453333            0.00577539
            457            -0.52            -0.453479            0.00576459
            458            -0.52            -0.453624            0.00575382
            459            -0.44            -0.453595            0.00574135
            460            -0.52            -0.453739            0.00573067
            461            -0.52            -0.453883            0.00572004
            462            -0.6            -0.454199            0.0057164
            463            -0.6            -0.454514            0.00571272
            464            -0.44            -0.454483            0.00570048
            465            -0.36            -0.45428            0.00569184
            466            -0.44            -0.454249            0.00567969
            467            -0.44            -0.454218            0.0056676
            468            -0.6            -0.45453            0.00566405
            469            -0.68            -0.455011            0.00567237
            470            -0.52            -0.455149            0.00566198
            471            -0.6            -0.455456            0.00565831
            472            -0.44            -0.455424            0.0056464
            473            -0.76            -0.456068            0.00567113
            474            -0.52            -0.456203            0.00566076
            475            -0.36            -0.456            0.00565246
            476            -0.44            -0.455966            0.00564067
            477            -0.6            -0.456268            0.00563692
            478            -0.6            -0.456569            0.00563315
            479            -0.6            -0.456868            0.00562935
            480            -0.44            -0.456833            0.00561772
            481            -0.6            -0.457131            0.00561392
            482            -0.6            -0.457427            0.0056101
            483            -0.68            -0.457888            0.0056174
            484            -0.52            -0.458017            0.00560725
            485            -0.44            -0.457979            0.0055958
            486            -0.36            -0.457778            0.00558792
            487            -0.36            -0.457577            0.00558004
            488            -0.36            -0.457377            0.00557219
            489            -0.36            -0.457178            0.00556434
            490            -0.52            -0.457306            0.00555446
            491            -0.44            -0.457271            0.00554324
            492            -0.52            -0.457398            0.00553344
            493            -0.44            -0.457363            0.00552231
            494            -0.36            -0.457166            0.00551465
            495            -0.28            -0.456808            0.00551512
            496            -0.44            -0.456774            0.00550409
            497            -0.6            -0.457062            0.00550056
            498            -0.2            -0.456546            0.00551372
            499            -0.44            -0.456513            0.00550276
            500            -0.52            -0.45664            0.00549321
            501            -0.2            -0.456128            0.00550612
            502            -0.6            -0.456414            0.00550261
            503            -0.52            -0.456541            0.00549311
            504            -0.44            -0.456508            0.0054823
            505            -0.36            -0.456317            0.00547477
            506            -0.6            -0.456601            0.00547131
            507            -0.52            -0.456726            0.00546194
            508            -0.68            -0.457165            0.00546887
            509            -0.52            -0.457289            0.00545951
            510            -0.44            -0.457255            0.0054489
            511            -0.6            -0.457534            0.0054454
            512            -0.36            -0.457344            0.00543809
            513            -0.68            -0.457778            0.0054448
            514            -0.6            -0.458054            0.00544124
            515            -0.12            -0.457398            0.00547019
            516            -0.52            -0.457519            0.00546093
            517            -0.68            -0.45795            0.00546732
            518            -0.44            -0.457915            0.00545686
            519            -0.52            -0.458035            0.00544765
            520            -0.44            -0.458            0.00543727
            521            -0.44            -0.457965            0.00542694
            522            -0.28            -0.457625            0.00542725
            523            -0.44            -0.457591            0.00541697
            524            -0.44            -0.457557            0.00540673
            525            -0.36            -0.457371            0.00539962
            526            -0.44            -0.457338            0.00538944
            527            -0.52            -0.457457            0.00538052
            528            -0.68            -0.457879            0.00538683
            529            -0.6            -0.458147            0.00538335
            530            -0.6            -0.458415            0.00537984
            531            -0.52            -0.458531            0.00537095
            532            -0.44            -0.458496            0.00536096
            533            -0.44            -0.458462            0.00535101
            534            -0.28            -0.458127            0.00535142
            535            -0.52            -0.458243            0.00534266
            536            -0.28            -0.45791            0.00534304
            537            -0.44            -0.457877            0.00533319
            538            -0.52            -0.457993            0.00532452
            539            -0.44            -0.457959            0.00531474
            540            -0.2            -0.457481            0.00532635
            541            -0.36            -0.457301            0.00531955
            542            -0.68            -0.457712            0.0053256
            543            -0.36            -0.457532            0.00531883
            544            -0.6            -0.457794            0.0053155
            545            -0.52            -0.457908            0.00530696
            546            -0.28            -0.457582            0.00530724
            547            -0.28            -0.457258            0.00530747
            548            -0.44            -0.457226            0.00529787
            549            -0.52            -0.457341            0.00528945
            550            -0.36            -0.457164            0.00528279
            551            -0.52            -0.457278            0.00527442
            552            -0.6            -0.457536            0.00527121
            553            -0.36            -0.45736            0.00526462
            554            -0.44            -0.457329            0.0052552
            555            -0.28            -0.457009            0.00525545
            556            -0.52            -0.457122            0.00524721
            557            -0.36            -0.456948            0.00524068
            558            -0.52            -0.457061            0.0052325
            559            -0.44            -0.45703            0.00522322
            560            -0.44            -0.457            0.00521398
            561            -0.52            -0.457112            0.00520588
            562            -0.6            -0.457367            0.00520283
            563            -0.52            -0.457478            0.00519477
            564            -0.44            -0.457447            0.00518564
            565            -0.52            -0.457558            0.00517764
            566            -0.52            -0.457668            0.00516966
            567            -0.44            -0.457637            0.00516063
            568            -0.6            -0.457887            0.00515763
            569            -0.44            -0.457856            0.00514866
            570            -0.28            -0.457544            0.00514908
            571            -0.52            -0.457653            0.00514122
            572            -0.52            -0.457762            0.00513338
            573            -0.6            -0.45801            0.00513042
            574            -0.68            -0.458397            0.00513605
            575            -0.52            -0.458504            0.00512823
            576            -0.44            -0.458472            0.00511942
            577            -0.36            -0.458302            0.00511339
            578            -0.44            -0.45827            0.00510464
            579            -0.44            -0.458238            0.00509591
            580            -0.6            -0.458483            0.00509298
            581            -0.52            -0.458589            0.00508531
            582            -0.52            -0.458694            0.00507766
            583            -0.44            -0.458662            0.00506905
            584            -0.44            -0.45863            0.00506046
            585            -0.44            -0.458598            0.00505191
            586            -0.28            -0.458294            0.00505248
            587            -0.44            -0.458262            0.00504396
            588            -0.36            -0.458095            0.00503815
            589            -0.44            -0.458065            0.00502968
            590            -0.52            -0.458169            0.00502224
            591            -0.68            -0.458545            0.00502777
            592            -0.6            -0.458784            0.00502495
            593            -0.52            -0.458887            0.00501753
            594            -0.36            -0.458721            0.00501185
            595            -0.44            -0.458689            0.00500352
            596            -0.36            -0.458523            0.00499786
            597            -0.36            -0.458358            0.00499221
            598            -0.36            -0.458194            0.00498656
            599            -0.6            -0.458431            0.00498386
            600            -0.2            -0.458            0.00499415
            601            -0.28            -0.457704            0.00499463
            602            -0.44            -0.457674            0.00498641
            603            -0.44            -0.457645            0.00497822
            604            -0.44            -0.457616            0.00497006
            605            -0.6            -0.457851            0.00496741
            606            -0.6            -0.458086            0.00496475
            607            -0.44            -0.458056            0.00495666
            608            -0.36            -0.457895            0.00495112
            609            -0.44            -0.457865            0.00494308
            610            -0.52            -0.457967            0.00493602
            611            -0.52            -0.458069            0.00492898
            612            -0.52            -0.45817            0.00492196
            613            -0.44            -0.45814            0.00491401
            614            -0.36            -0.45798            0.0049086
            615            -0.52            -0.458081            0.00490165
            616            -0.6            -0.458312            0.00489911
            617            -0.6            -0.458541            0.00489655
            618            -0.36            -0.458382            0.00489122
            619            -0.44            -0.458352            0.0048834
            620            -0.52            -0.458452            0.00487653
            621            -0.6            -0.45868            0.00487401
            622            -0.44            -0.45865            0.00486626
            623            -0.44            -0.45862            0.00485853
            624            -0.36            -0.458462            0.00485331
            625            -0.44            -0.458432            0.00484563
            626            -0.52            -0.45853            0.00483889
            627            -0.6            -0.458756            0.00483643
            628            -0.36            -0.458599            0.00483128
            629            -0.28            -0.458315            0.00483194
            630            -0.6            -0.45854            0.00482951
            631            -0.6            -0.458764            0.00482706
            632            -0.44            -0.458734            0.0048195
            633            -0.28            -0.458452            0.00482016
            634            -0.44            -0.458423            0.00481264
            635            -0.36            -0.458268            0.00480755
            636            -0.36            -0.458113            0.00480248
            637            -0.36            -0.457959            0.0047974
            638            -0.6            -0.458182            0.00479505
            639            -0.68            -0.458529            0.00480011
            640            -0.44            -0.4585            0.00479269
            641            -0.36            -0.458346            0.00478767
            642            -0.44            -0.458318            0.0047803
            643            -0.68            -0.458663            0.00478529
            644            -0.52            -0.458758            0.0047788
            645            -0.52            -0.458853            0.00477233
            646            -0.52            -0.458947            0.00476588
            647            -0.44            -0.458918            0.0047586
            648            -0.52            -0.459012            0.00475218
            649            -0.28            -0.458737            0.00475287
            650            -0.36            -0.458585            0.00474798
            651            -0.36            -0.458433            0.0047431
            652            -0.36            -0.458282            0.00473822
            653            -0.6            -0.458499            0.00473594
            654            -0.68            -0.458838            0.0047408
            655            -0.52            -0.458931            0.00473448
            656            -0.6            -0.459146            0.00473215
            657            -0.36            -0.458995            0.00472735
            658            -0.52            -0.459088            0.00472107
            659            -0.36            -0.458938            0.0047163
            660            -0.68            -0.459273            0.00472104
            661            -0.44            -0.459244            0.00471399
            662            -0.52            -0.459335            0.00470775
            663            -0.6            -0.459548            0.00470543
            664            -0.6            -0.459759            0.0047031
            665            -0.6            -0.45997            0.00470076
            666            -0.36            -0.45982            0.00469609
            667            -0.52            -0.45991            0.00468991
            668            -0.6            -0.46012            0.00468758
            669            -0.36            -0.45997            0.00468296
            670            -0.2            -0.459582            0.00469204
            671            -0.52            -0.459672            0.00468591
            672            -0.6            -0.459881            0.00468358
            673            -0.44            -0.459851            0.00467671
            674            -0.12            -0.459347            0.00469691
            675            -0.28            -0.459081            0.00469747
            676            -0.52            -0.459172            0.00469138
            677            -0.28            -0.458907            0.00469192
            678            -0.52            -0.458997            0.00468586
            679            -0.52            -0.459087            0.00467981
            680            -0.52            -0.459176            0.00467379
            681            -0.28            -0.458913            0.00467433
            682            -0.68            -0.459238            0.00467871
            683            -0.52            -0.459327            0.00467271
            684            -0.52            -0.459415            0.00466671
            685            -0.52            -0.459504            0.00466073
            686            -0.44            -0.459475            0.00465402
            687            -0.52            -0.459563            0.00464808
            688            -0.6            -0.459767            0.0046458
            689            -0.44            -0.459739            0.00463914
            690            -0.44            -0.45971            0.0046325
            691            -0.6            -0.459913            0.00463025
            692            -0.52            -0.46            0.00462437
            693            -0.6            -0.460202            0.00462211
            694            -0.68            -0.460519            0.0046263
            695            -0.44            -0.460489            0.00461973
            696            -0.44            -0.46046            0.00461318
            697            -0.52            -0.460545            0.00460735
            698            -0.28            -0.460287            0.00460801
            699            -0.36            -0.460143            0.00460365
            700            -0.52            -0.460229            0.00459786
            701            -0.36            -0.460086            0.00459352
            702            -0.44            -0.460057            0.00458706
            703            -0.2            -0.459687            0.00459545
            704            -0.28            -0.459432            0.00459601
            705            -0.44            -0.459404            0.00458957
            706            -0.44            -0.459377            0.00458314
            707            -0.52            -0.459463            0.00457746
            708            -0.6            -0.459661            0.0045753
            709            -0.44            -0.459633            0.00456893
            710            -0.44            -0.459606            0.00456257
            711            -0.44            -0.459578            0.00455623
            712            -0.36            -0.459438            0.00455198
            713            -0.44            -0.459411            0.00454567
            714            -0.52            -0.459496            0.00454009
            715            -0.6            -0.459692            0.00453799
            716            -0.36            -0.459553            0.00453379
            717            -0.44            -0.459526            0.00452754
            718            -0.6            -0.459721            0.00452547
            719            -0.52            -0.459805            0.00451994
            720            -0.52            -0.459889            0.00451444
            721            -0.44            -0.459861            0.00450826
            722            -0.44            -0.459834            0.00450209
            723            -0.36            -0.459696            0.00449798
            724            -0.52            -0.459779            0.00449254
            725            -0.52            -0.459862            0.0044871
            726            -0.28            -0.459614            0.00448776
            727            -0.28            -0.459367            0.00448839
            728            -0.28            -0.459121            0.00448899
            729            -0.2            -0.458765            0.00449689
            730            -0.2            -0.458411            0.0045047
            731            -0.44            -0.458386            0.0044986
            732            -0.44            -0.458361            0.00449252
            733            -0.36            -0.458226            0.0044884
            734            -0.36            -0.458093            0.00448427
            735            -0.44            -0.458068            0.00447824
            736            -0.44            -0.458043            0.00447222
            737            -0.6            -0.458236            0.00447029
            738            -0.68            -0.458537            0.00447433
            739            -0.68            -0.458836            0.00447831
            740            -0.52            -0.458919            0.00447302
            741            -0.44            -0.458893            0.00446705
            742            -0.44            -0.458868            0.0044611
            743            -0.36            -0.458735            0.00445708
            744            -0.44            -0.45871            0.00445116
            745            -0.52            -0.458792            0.00444594
            746            -0.44            -0.458767            0.00444005
            747            -0.2            -0.45842            0.00444761
            748            -0.52            -0.458503            0.00444242
            749            -0.52            -0.458585            0.00443725
            750            -0.44            -0.45856            0.0044314
            751            -0.36            -0.458429            0.00442744
            752            -0.36            -0.458298            0.00442348
            753            -0.52            -0.45838            0.00441837
            754            -0.6            -0.458568            0.0044165
            755            -0.52            -0.458649            0.00441139
            756            -0.36            -0.458519            0.00440749
            757            -0.28            -0.458283            0.00440797
            758            -0.6            -0.45847            0.00440612
            759            -0.2            -0.458129            0.00441347
            760            -0.28            -0.457895            0.00441389
            761            -0.28            -0.457661            0.00441428
            762            -0.44            -0.457638            0.00440854
            763            -0.52            -0.45772            0.00440352
            764            -0.6            -0.457906            0.00440169
            765            -0.6            -0.458092            0.00439986
            766            -0.52            -0.458172            0.00439485
            767            -0.44            -0.458149            0.00438918
            768            -0.44            -0.458125            0.00438353
            769            -0.52            -0.458205            0.00437856
            770            -0.44            -0.458182            0.00437294
            771            -0.28            -0.457951            0.00437337
            772            -0.36            -0.457824            0.00436955
            773            -0.52            -0.457904            0.00436463
            774            -0.44            -0.457881            0.00435905
            775            -0.44            -0.457858            0.00435348
            776            -0.52            -0.457938            0.00434861
            777            -0.68            -0.458224            0.0043524
            778            -0.28            -0.457995            0.00435283
            779            -0.2            -0.457664            0.00435984
            780            -0.36            -0.457538            0.00435605
            781            -0.44            -0.457516            0.00435052
            782            -0.52            -0.457596            0.00434569
            783            -0.84            -0.458084            0.00436753
            784            -0.68            -0.458367            0.00437113
            785            -0.68            -0.45865            0.00437468
            786            -0.52            -0.458728            0.00436981
            787            -0.52            -0.458806            0.00436494
            788            -0.6            -0.458985            0.00436308
            789            -0.6            -0.459163            0.00436121
            790            -0.44            -0.459139            0.00435576
            791            -0.6            -0.459317            0.00435389
            792            -0.44            -0.459293            0.00434846
            793            -0.52            -0.459369            0.00434364
            794            -0.52            -0.459446            0.00433884
            795            -0.36            -0.459321            0.00433519
            796            -0.68            -0.459598            0.0043386
            797            -0.68            -0.459875            0.00434197
            798            -0.68            -0.46015            0.00434529
            799            -0.52            -0.460225            0.0043405
            800            -0.6            -0.4604            0.00433859
            801            -0.52            -0.460474            0.00433381
            802            -0.36            -0.460349            0.00433021
            803            -0.28            -0.460125            0.00433064
            804            -0.44            -0.4601            0.00432533
            805            -0.36            -0.459975            0.00432174
            806            -0.36            -0.459851            0.00431815
            807            -0.44            -0.459827            0.00431287
            808            -0.2            -0.459505            0.00431952
            809            -0.52            -0.45958            0.00431482
            810            -0.52            -0.459654            0.00431014
            811            -0.44            -0.45963            0.00430489
            812            -0.44            -0.459606            0.00429965
            813            -0.36            -0.459483            0.00429611
            814            -0.44            -0.459459            0.00429089
            815            -0.36            -0.459337            0.00428736
            816            -0.44            -0.459314            0.00428217
            817            -0.44            -0.45929            0.00427699
            818            -0.44            -0.459267            0.00427182
            819            -0.44            -0.459243            0.00426667
            820            -0.12            -0.458829            0.0042815
            821            -0.52            -0.458904            0.00427693
            822            -0.44            -0.458881            0.00427178
            823            -0.36            -0.458761            0.00426828
            824            -0.52            -0.458835            0.00426375
            825            -0.68            -0.459103            0.004267
            826            -0.52            -0.459177            0.00426247
            827            -0.44            -0.459154            0.00425738
            828            -0.44            -0.45913            0.0042523
            829            -0.6            -0.4593            0.00425056
            830            -0.52            -0.459373            0.00424607
            831            -0.52            -0.459446            0.00424158
            832            -0.28            -0.459231            0.00424197
            833            -0.36            -0.459112            0.00423855
            834            -0.28            -0.458897            0.00423891
            835            -0.36            -0.458778            0.00423548
            836            -0.28            -0.458565            0.00423581
            837            -0.6            -0.458734            0.00423412
            838            -0.44            -0.458711            0.00422913
            839            -0.52            -0.458784            0.00422471
            840            -0.44            -0.458762            0.00421974
            841            -0.68            -0.459025            0.00422292
            842            -0.44            -0.459002            0.00421797
            843            -0.44            -0.45898            0.00421302
            844            -0.28            -0.458768            0.00421336
            845            -0.44            -0.458746            0.00420843
            846            -0.52            -0.458818            0.00420408
            847            -0.44            -0.458796            0.00419917
            848            -0.6            -0.458962            0.00419752
            849            -0.36            -0.458846            0.00419419
            850            -0.52            -0.458918            0.00418988
            851            -0.44            -0.458895            0.00418501
            852            -0.44            -0.458873            0.00418015
            853            -0.36            -0.458757            0.00417686
            854            -0.2            -0.458454            0.00418295
            855            -0.36            -0.458339            0.00417964
            856            -0.36            -0.458224            0.00417634
            857            -0.44            -0.458203            0.00417152
            858            -0.44            -0.458182            0.0041667
            859            -0.28            -0.457974            0.00416702
            860            -0.28            -0.457767            0.00416731
            861            -0.44            -0.457747            0.00416252
            862            -0.6            -0.457912            0.00416096
            863            -0.52            -0.457984            0.00415676
            864            -0.28            -0.457778            0.00415705
            865            -0.44            -0.457757            0.0041523
            866            -0.36            -0.457644            0.00414903
            867            -0.52            -0.457716            0.00414487
            868            -0.44            -0.457696            0.00414014
            869            -0.44            -0.457675            0.00413542
            870            -0.6            -0.457839            0.00413391
            871            -0.68            -0.458094            0.00413703
            872            -0.6            -0.458257            0.00413548
            873            -0.36            -0.458144            0.00413228
            874            -0.36            -0.458032            0.00412907
            875            -0.52            -0.458103            0.00412496
            876            -0.44            -0.458082            0.0041203
            877            -0.6            -0.458244            0.00411878
            878            -0.28            -0.458041            0.00411909
            879            -0.2            -0.457747            0.00412486
            880            -0.44            -0.457727            0.00412022
            881            -0.6            -0.457889            0.00411871
            882            -0.52            -0.457959            0.00411464
            883            -0.68            -0.458211            0.00411766
            884            -0.44            -0.45819            0.00411305
            885            -0.44            -0.458169            0.00410846
            886            -0.36            -0.458059            0.00410531
            887            -0.44            -0.458038            0.00410073
            888            -0.68            -0.458288            0.00410373
            889            -0.52            -0.458358            0.0040997
            890            -0.36            -0.458247            0.00409658
            891            -0.52            -0.458316            0.00409257
            892            -0.44            -0.458296            0.00408803
            893            -0.6            -0.458455            0.00408653
            894            -0.6            -0.458613            0.00408503
            895            -0.44            -0.458592            0.00408051
            896            -0.2            -0.458304            0.00408616
            897            -0.44            -0.458283            0.00408165
            898            -0.36            -0.458174            0.00407857
            899            -0.52            -0.458242            0.00407462
            900            -0.44            -0.458222            0.00407014
            901            -0.44            -0.458202            0.00406567
            902            -0.2            -0.457916            0.00407123
            903            -0.36            -0.457807            0.00406817
            904            -0.52            -0.457876            0.00406425
            905            -0.52            -0.457945            0.00406033
            906            -0.52            -0.458013            0.00405643
            907            -0.68            -0.458258            0.00405934
            908            -0.36            -0.45815            0.00405631
            909            -0.44            -0.45813            0.00405189
            910            -0.36            -0.458022            0.00404887
            911            -0.44            -0.458002            0.00404448
            912            -0.36            -0.457895            0.00404147
            913            -0.52            -0.457963            0.00403761
            914            -0.36            -0.457856            0.00403462
            915            -0.6            -0.458011            0.0040332
            916            -0.52            -0.458079            0.00402936
            917            -0.68            -0.458321            0.00403223
            918            -0.44            -0.458301            0.00402789
            919            -0.44            -0.458281            0.00402355
            920            -0.44            -0.458261            0.00401922
            921            -0.6            -0.458415            0.00401781
            922            -0.36            -0.458308            0.00401486
            923            -0.44            -0.458288            0.00401056
            924            -0.44            -0.458268            0.00400627
            925            -0.12            -0.457903            0.00401861
            926            -0.52            -0.45797            0.00401483
            927            -0.44            -0.45795            0.00401054
            928            -0.52            -0.458017            0.00400677
            929            -0.44            -0.457998            0.00400251
            930            -0.6            -0.458151            0.00400111
            931            -0.52            -0.458217            0.00399737
            932            -0.6            -0.458369            0.00399597
            933            -0.6            -0.458521            0.00399457
            934            -0.6            -0.458672            0.00399317
            935            -0.52            -0.458738            0.00398943
            936            -0.36            -0.458632            0.00398656
            937            -0.52            -0.458698            0.00398285
            938            -0.6            -0.458849            0.00398145
            939            -0.6            -0.458999            0.00398005
            940            -0.68            -0.459234            0.00398275
            941            -0.52            -0.459299            0.00397904
            942            -0.6            -0.459448            0.00397762
            943            -0.44            -0.459427            0.00397346
            944            -0.44            -0.459407            0.0039693
            945            -0.68            -0.45964            0.00397196
            946            -0.68            -0.459873            0.00397459
            947            -0.44            -0.459852            0.00397045
            948            -0.6            -0.46            0.00396901
            949            -0.44            -0.459979            0.00396488
            950            -0.28            -0.459789            0.00396524
            951            -0.36            -0.459685            0.00396245
            952            -0.52            -0.459748            0.0039588
            953            -0.68            -0.459979            0.00396139
            954            -0.68            -0.46021            0.00396395
            955            -0.36            -0.460105            0.00396119
            956            -0.36            -0.46            0.00395842
            957            -0.44            -0.459979            0.00395434
            958            -0.36            -0.459875            0.00395159
            959            -0.36            -0.459771            0.00394884
            960            -0.6            -0.459917            0.00394743
            961            -0.36            -0.459813            0.00394469
            962            -0.36            -0.459709            0.00394195
            963            -0.44            -0.459688            0.00393791
            964            -0.36            -0.459585            0.00393518
            965            -0.44            -0.459565            0.00393115
            966            -0.6            -0.45971            0.00392977
            967            -0.68            -0.459938            0.00393231
            968            -0.6            -0.460083            0.00393091
            969            -0.52            -0.460144            0.00392734
            970            -0.44            -0.460124            0.00392334
            971            -0.44            -0.460103            0.00391936
            972            -0.6            -0.460247            0.00391797
            973            -0.44            -0.460226            0.00391399
            974            -0.36            -0.460123            0.00391133
            975            -0.52            -0.460185            0.00390779
            976            -0.6            -0.460328            0.00390642
            977            -0.68            -0.460553            0.00390889
            978            -0.52            -0.460613            0.00390536
            979            -0.44            -0.460592            0.00390143
            980            -0.52            -0.460653            0.00389792
            981            -0.44            -0.460632            0.003894
            982            -0.2            -0.460367            0.00389907
            983            -0.6            -0.460509            0.00389769
            984            -0.52            -0.460569            0.0038942
            985            -0.6            -0.460711            0.00389282
            986            -0.36            -0.460609            0.00389021
            987            -0.44            -0.460588            0.00388632
            988            -0.44            -0.460567            0.00388244
            989            -0.68            -0.460789            0.00388486
            990            -0.52            -0.460848            0.00388139
            991            -0.28            -0.460666            0.00388176
            992            -0.44            -0.460645            0.00387791
            993            -0.52            -0.460705            0.00387446
            994            -0.44            -0.460684            0.00387062
            995            -0.44            -0.460663            0.00386678
            996            -0.52            -0.460723            0.00386335
            997            -0.52            -0.460782            0.00385994
            998            -0.52            -0.460842            0.00385652
            999            -0.44            -0.460821            0.00385272
            1000            -0.2            -0.46056            0.00385769
