            1            -0.6            -0.6            0
            2            -0.36            -0.48            0.12
            3            -0.44            -0.466667            0.0705534
            4            -0.68            -0.52            0.0730297
            5            -0.68            -0.552            0.0649923
            6            -0.68            -0.573333            0.0571936
            7            -0.68            -0.588571            0.0506824
            8            -0.84            -0.62            0.0539841
            9            -0.84            -0.644444            0.0535182
            10            -0.68            -0.648            0.048
            11            -0.6            -0.643636            0.0436364
            12            -0.6            -0.64            0.04
            13            -0.6            -0.636923            0.0369231
            14            -0.68            -0.64            0.0343223
            15            -0.52            -0.632            0.0329386
            16            -0.68            -0.635            0.030957
            17            -0.68            -0.637647            0.0291992
            18            -0.6            -0.635556            0.0276086
            19            -0.68            -0.637895            0.0262197
            20            -0.84            -0.648            0.0268485
            21            -0.68            -0.649524            0.0255834
            22            -0.68            -0.650909            0.0244322
            23            -0.68            -0.652174            0.02338
            24            -0.52            -0.646667            0.0230521
            25            -0.68            -0.648            0.022151
            26            -0.68            -0.649231            0.0213175
            27            -0.6            -0.647407            0.0205937
            28            -0.68            -0.648571            0.0198787
            29            -0.76            -0.652414            0.019562
            30            -0.76            -0.656            0.019236
            31            -0.6            -0.654194            0.0186926
            32            -0.6            -0.6525            0.0181781
            33            -0.68            -0.653333            0.0176383
            34            -0.6            -0.651765            0.0171835
            35            -0.6            -0.650286            0.0167507
            36            -0.6            -0.648889            0.0163386
            37            -0.6            -0.647568            0.0159457
            38            -0.76            -0.650526            0.0157999
            39            -0.76            -0.653333            0.0156433
            40            -0.84            -0.658            0.0159454
            41            -0.76            -0.660488            0.0157494
            42            -0.6            -0.659048            0.0154371
            43            -0.84            -0.663256            0.0156503
            44            -0.76            -0.665455            0.0154477
            45            -0.68            -0.665778            0.015104
            46            -0.6            -0.664348            0.014841
            47            -0.6            -0.662979            0.0145862
            48            -0.6            -0.661667            0.0143393
            49            -0.6            -0.660408            0.0140999
            50            -0.52            -0.6576            0.0140975
            51            -0.6            -0.656471            0.0138644
            52            -0.68            -0.656923            0.0136027
            53            -0.68            -0.657358            0.0133507
            54            -0.68            -0.657778            0.0131078
            55            -0.84            -0.661091            0.013287
            56            -0.68            -0.661429            0.0130519
            57            -0.84            -0.664561            0.0131981
            58            -0.76            -0.666207            0.0130725
            59            -0.84            -0.669153            0.0131824
            60            -0.76            -0.670667            0.0130489
            61            -0.6            -0.669508            0.0128854
            62            -0.6            -0.668387            0.0127254
            63            -0.52            -0.666032            0.0127414
            64            -0.6            -0.665            0.0125831
            65            -0.76            -0.666462            0.0124739
            66            -0.68            -0.666667            0.0122851
            67            -0.76            -0.66806            0.0121803
            68            -0.68            -0.668235            0.0120011
            69            -0.76            -0.669565            0.0119005
            70            -0.76            -0.670857            0.0118002
            71            -0.44            -0.667606            0.0120787
            72            -0.36            -0.663333            0.0126528
            73            -0.44            -0.660274            0.0128479
            74            -0.44            -0.657297            0.0130179
            75            -0.52            -0.655467            0.012973
            76            -0.52            -0.653684            0.0129247
            77            -0.6            -0.652987            0.0127748
            78            -0.6            -0.652308            0.0126282
            79            -0.6            -0.651646            0.0124849
            80            -0.52            -0.65            0.0124372
            81            -0.76            -0.651358            0.0123575
            82            -0.6            -0.650732            0.012222
            83            -0.68            -0.651084            0.0120789
            84            -0.68            -0.651429            0.0119393
            85            -0.44            -0.648941            0.0120573
            86            -0.52            -0.647442            0.0120102
            87            -0.52            -0.645977            0.0119614
            88            -0.6            -0.645455            0.0118363
            89            -0.6            -0.644944            0.0117136
            90            -0.6            -0.644444            0.0115935
            91            -0.76            -0.645714            0.0115355
            92            -0.6            -0.645217            0.0114203
            93            -0.6            -0.644731            0.0113073
            94            -0.68            -0.645106            0.0111926
            95            -0.6            -0.644632            0.0110843
            96            -0.68            -0.645            0.0109745
            97            -0.52            -0.643711            0.0109369
            98            -0.6            -0.643265            0.0108339
            99            -0.6            -0.642828            0.0107328
            100            -0.76            -0.644            0.0106894
            101            -0.68            -0.644356            0.010589
            102            -0.68            -0.644706            0.0104905
            103            -0.68            -0.645049            0.0103938
            104            -0.6            -0.644615            0.0103025
            105            -0.6            -0.64419            0.0102127
            106            -0.76            -0.645283            0.0101748
            107            -0.76            -0.646355            0.0101361
            108            -0.68            -0.646667            0.0100466
            109            -0.76            -0.647706            0.0100082
            110            -0.84            -0.649455            0.0100697
            111            -0.92            -0.651892            0.0102719
            112            -0.92            -0.654286            0.0104575
            113            -0.92            -0.656637            0.0106279
            114            -0.84            -0.658246            0.0106563
            115            -0.84            -0.659826            0.0106809
            116            -0.84            -0.661379            0.0107017
            117            -0.76            -0.662222            0.0106433
            118            -0.6            -0.661695            0.0105658
            119            -0.52            -0.660504            0.0105441
            120            -0.44            -0.658667            0.0106161
            121            -0.76            -0.659504            0.0105613
            122            -0.76            -0.660328            0.0105067
            123            -0.68            -0.660488            0.0104222
            124            -0.76            -0.66129            0.0103689
            125            -0.76            -0.66208            0.0103158
            126            -0.76            -0.662857            0.0102631
            127            -0.6            -0.662362            0.010194
            128            -0.68            -0.6625            0.010115
            129            -0.76            -0.663256            0.0100647
            130            -0.76            -0.664            0.0100147
            131            -0.84            -0.665344            0.0100283
            132            -0.68            -0.665455            0.00995268
            133            -0.76            -0.666165            0.00990311
            134            -0.6            -0.665672            0.00984132
            135            -0.68            -0.665778            0.00976873
            136            -0.76            -0.666471            0.00972135
            137            -0.6            -0.665985            0.00966232
            138            -0.52            -0.664928            0.00965021
            139            -0.36            -0.662734            0.00982848
            140            -0.36            -0.660571            0.00999474
            141            -0.36            -0.65844            0.01015
            142            -0.52            -0.657465            0.0101253
            143            -0.52            -0.656503            0.0101001
            144            -0.6            -0.656111            0.0100374
            145            -0.52            -0.655172            0.010012
            146            -0.52            -0.654247            0.00998621
            147            -0.6            -0.653878            0.00992491
            148            -0.68            -0.654054            0.0098592
            149            -0.6            -0.653691            0.00979953
            150            -0.52            -0.6528            0.0097747
            151            -0.6            -0.65245            0.00971604
            152            -0.6            -0.652105            0.00965808
            153            -0.76            -0.65281            0.00962062
            154            -0.76            -0.653506            0.00958326
            155            -0.52            -0.652645            0.00956011
            156            -0.6            -0.652308            0.00950462
            157            -0.6            -0.651975            0.00944976
            158            -0.44            -0.650633            0.00948513
            159            -0.6            -0.650314            0.00943066
            160            -0.6            -0.65            0.00937681
            161            -0.52            -0.649193            0.0093533
            162            -0.44            -0.647901            0.00938465
            163            -0.6            -0.647607            0.00933153
            164            -0.68            -0.647805            0.00927656
            165            -0.68            -0.648            0.00922223
            166            -0.76            -0.648675            0.0091913
            167            -0.84            -0.64982            0.00920765
            168            -0.84            -0.650952            0.00922242
            169            -0.68            -0.651124            0.0091693
            170            -0.84            -0.652235            0.00918266
            171            -0.76            -0.652865            0.00915053
            172            -0.84            -0.653953            0.009162
            173            -0.84            -0.655029            0.00917215
            174            -0.76            -0.655632            0.00913922
            175            -0.84            -0.656686            0.00914772
            176            -0.68            -0.656818            0.00909656
            177            -0.68            -0.656949            0.00904597
            178            -0.68            -0.657079            0.00899593
            179            -0.84            -0.658101            0.00900372
            180            -0.84            -0.659111            0.0090104
            181            -0.76            -0.659669            0.00897781
            182            -0.68            -0.65978            0.00892904
            183            -0.84            -0.660765            0.00893455
            184            -0.84            -0.661739            0.0089391
            185            -0.84            -0.662703            0.00894271
            186            -0.6            -0.662366            0.00890089
            187            -0.68            -0.66246            0.00885366
            188            -0.76            -0.662979            0.00882171
            189            -0.84            -0.663915            0.00882476
            190            -0.76            -0.664421            0.00879274
            191            -0.76            -0.664921            0.00876089
            192            -0.68            -0.665            0.0087155
            193            -0.6            -0.664663            0.00867676
            194            -0.52            -0.663918            0.00866407
            195            -0.52            -0.663179            0.00865106
            196            -0.6            -0.662857            0.00861284
            197            -0.52            -0.662132            0.00859964
            198            -0.52            -0.661414            0.00858616
            199            -0.68            -0.661508            0.00854341
            200            -0.6            -0.6612            0.00850615
            201            -0.6            -0.660896            0.0084692
            202            -0.44            -0.659802            0.00849782
            203            -0.52            -0.659113            0.00848386
            204            -0.68            -0.659216            0.00844279
            205            -0.68            -0.659317            0.00840211
            206            -0.76            -0.659806            0.0083755
            207            -0.68            -0.659903            0.00833551
            208            -0.52            -0.659231            0.00832256
            209            -0.6            -0.658947            0.00828749
            210            -0.68            -0.659048            0.00824854
            211            -0.76            -0.659526            0.00822329
            212            -0.76            -0.66            0.00819812
            213            -0.76            -0.660469            0.00817303
            214            -0.76            -0.660935            0.00814804
            215            -0.84            -0.661767            0.00815271
            216            -0.84            -0.662593            0.00815672
            217            -0.44            -0.661567            0.00818358
            218            -0.52            -0.660917            0.0081718
            219            -0.6            -0.660639            0.00813916
            220            -0.76            -0.661091            0.00811465
            221            -0.68            -0.661176            0.00807831
            222            -0.76            -0.661622            0.00805415
            223            -0.6            -0.661345            0.00802271
            224            -0.68            -0.661429            0.00798725
            225            -0.52            -0.6608            0.00797647
            226            -0.6            -0.660531            0.00794566
            227            -0.68            -0.660617            0.00791104
            228            -0.68            -0.660702            0.00787673
            229            -0.6            -0.660437            0.00784673
            230            -0.52            -0.659826            0.00783637
            231            -0.6            -0.659567            0.00780667
            232            -0.76            -0.66            0.00778499
            233            -0.76            -0.660429            0.00776338
            234            -0.68            -0.660513            0.00773058
            235            -0.52            -0.659915            0.0077208
            236            -0.52            -0.659322            0.00771084
            237            -0.52            -0.658734            0.00770071
            238            -0.52            -0.658151            0.00769041
            239            -0.6            -0.657908            0.00766203
            240            -0.6            -0.657667            0.00763385
            241            -0.52            -0.657095            0.00762354
            242            -0.6            -0.65686            0.00759564
            243            -0.68            -0.656955            0.00756492
            244            -0.44            -0.656066            0.00758614
            245            -0.68            -0.656163            0.00755574
            246            -0.68            -0.65626            0.00752559
            247            -0.68            -0.656356            0.00749567
            248            -0.6            -0.656129            0.00746885
            249            -0.76            -0.656546            0.00745048
            250            -0.76            -0.65696            0.00743215
            251            -0.68            -0.657052            0.00740304
            252            -0.68            -0.657143            0.00737417
            253            -0.68            -0.657233            0.00734552
            254            -0.68            -0.657323            0.00731709
            255            -0.68            -0.657412            0.00728889
            256            -0.68            -0.6575            0.00726089
            257            -0.6            -0.657276            0.00723605
            258            -0.52            -0.656744            0.00722756
            259            -0.6            -0.656525            0.00720293
            260            -0.76            -0.656923            0.0071862
            261            -0.68            -0.657011            0.00715916
            262            -0.68            -0.657099            0.00713232
            263            -0.6            -0.656882            0.00710847
            264            -0.52            -0.656364            0.00710045
            265            -0.76            -0.656755            0.00708441
            266            -0.76            -0.657143            0.00706839
            267            -0.76            -0.657528            0.00705239
            268            -0.84            -0.658209            0.00705894
            269            -0.76            -0.658587            0.00704283
            270            -0.76            -0.658963            0.00702674
            271            -0.84            -0.659631            0.00703256
            272            -0.84            -0.660294            0.00703797
            273            -0.68            -0.660366            0.00701251
            274            -0.84            -0.661022            0.00701756
            275            -0.76            -0.661382            0.00700126
            276            -0.68            -0.661449            0.00697617
            277            -0.76            -0.661805            0.00696004
            278            -0.84            -0.662446            0.00696452
            279            -0.84            -0.663082            0.00696863
            280            -0.68            -0.663143            0.00694396
            281            -0.28            -0.661779            0.00705227
            282            -0.6            -0.66156            0.00703063
            283            -0.52            -0.66106            0.00702358
            284            -0.68            -0.661127            0.00699912
            285            -0.68            -0.661193            0.00697483
            286            -0.6            -0.660979            0.0069537
            287            -0.52            -0.660488            0.00694681
            288            -0.6            -0.660278            0.00692584
            289            -0.6            -0.660069            0.00690498
            290            -0.6            -0.659862            0.00688425
            291            -0.52            -0.659381            0.00687736
            292            -0.52            -0.658904            0.00687037
            293            -0.6            -0.658703            0.00684983
            294            -0.52            -0.658231            0.00684278
            295            -0.36            -0.65722            0.00689407
            296            -0.76            -0.657568            0.00687951
            297            -0.76            -0.657912            0.00686497
            298            -0.84            -0.658523            0.00686913
            299            -0.76            -0.658863            0.00685452
            300            -0.76            -0.6592            0.00683995
            301            -0.76            -0.659535            0.00682541
            302            -0.68            -0.659603            0.00680311
            303            -0.44            -0.658878            0.00681924
            304            -0.68            -0.658947            0.00679713
            305            -0.68            -0.659016            0.00677516
            306            -0.68            -0.659085            0.00675333
            307            -0.76            -0.659414            0.00673932
            308            -0.76            -0.65974            0.00672533
            309            -0.84            -0.660324            0.00672887
            310            -0.68            -0.660387            0.00670743
            311            -0.68            -0.66045            0.00668612
            312            -0.76            -0.660769            0.00667229
            313            -0.76            -0.661086            0.00665849
            314            -0.68            -0.661146            0.00663753
            315            -0.68            -0.661206            0.00661669
            316            -0.68            -0.661266            0.00659599
            317            -0.76            -0.661577            0.00658252
            318            -0.68            -0.661635            0.00656204
            319            -0.68            -0.661693            0.00654169
            320            -0.76            -0.662            0.00652845
            321            -0.76            -0.662305            0.00651524
            322            -0.84            -0.662857            0.00651838
            323            -0.68            -0.66291            0.00649838
            324            -0.76            -0.66321            0.00648522
            325            -0.68            -0.663262            0.00646544
            326            -0.76            -0.663558            0.0064524
            327            -0.76            -0.663853            0.0064394
            328            -0.52            -0.663415            0.0064347
            329            -0.6            -0.663222            0.00641801
            330            -0.76            -0.663515            0.00640525
            331            -0.76            -0.663807            0.00639252
            332            -0.6            -0.663614            0.00637613
            333            -0.68            -0.663664            0.00635714
            334            -0.6            -0.663473            0.00634095
            335            -0.76            -0.663761            0.00632855
            336            -0.76            -0.664048            0.00631619
            337            -0.68            -0.664095            0.0062976
            338            -0.68            -0.664142            0.00627911
            339            -0.68            -0.664189            0.00626074
            340            -0.6            -0.664            0.00624515
            341            -0.6            -0.663812            0.00622964
            342            -0.6            -0.663626            0.0062142
            343            -0.68            -0.663673            0.00619624
            344            -0.68            -0.663721            0.00617838
            345            -0.68            -0.663768            0.00616063
            346            -0.68            -0.663815            0.00614298
            347            -0.6            -0.663631            0.00612801
            348            -0.84            -0.664138            0.00613135
            349            -0.84            -0.664642            0.00613449
            350            -0.92            -0.665371            0.0061603
            351            -0.76            -0.665641            0.00614863
            352            -0.76            -0.665909            0.006137
            353            -0.76            -0.666176            0.00612539
            354            -0.68            -0.666215            0.00610819
            355            -0.6            -0.666028            0.00609381
            356            -0.52            -0.665618            0.0060905
            357            -0.76            -0.665882            0.00607917
            358            -0.84            -0.666369            0.00608164
            359            -0.76            -0.66663            0.00607028
            360            -0.76            -0.666889            0.00605895
            361            -0.76            -0.667147            0.00604765
            362            -0.52            -0.66674            0.0060446
            363            -0.6            -0.666556            0.00603073
            364            -0.76            -0.666813            0.00601961
            365            -0.68            -0.666849            0.00600321
            366            -0.68            -0.666885            0.00598689
            367            -0.52            -0.666485            0.00598396
            368            -0.68            -0.666522            0.00596779
            369            -0.76            -0.666775            0.00595698
            370            -0.84            -0.667243            0.00595928
            371            -0.84            -0.667709            0.00596141
            372            -0.76            -0.667957            0.00595053
            373            -0.76            -0.668204            0.00593969
            374            -0.76            -0.668449            0.00592887
            375            -0.76            -0.668693            0.00591807
            376            -0.76            -0.668936            0.00590731
            377            -0.68            -0.668966            0.00589169
            378            -0.44            -0.66836            0.00590722
            379            -0.52            -0.667968            0.0059046
            380            -0.44            -0.667368            0.00591952
            381            -0.68            -0.667402            0.00590406
            382            -0.52            -0.667016            0.00590121
            383            -0.52            -0.666632            0.00589829
            384            -0.6            -0.666458            0.00588547
            385            -0.52            -0.666078            0.00588247
            386            -0.68            -0.666114            0.00586732
            387            -0.6            -0.665943            0.00585464
            388            -0.68            -0.665979            0.00583964
            389            -0.6            -0.66581            0.00582708
            390            -0.76            -0.666051            0.00581713
            391            -0.76            -0.666292            0.00580721
            392            -0.76            -0.666531            0.00579731
            393            -0.84            -0.666972            0.00579936
            394            -0.76            -0.667208            0.00578944
            395            -0.76            -0.667443            0.00577954
            396            -0.76            -0.667677            0.00576966
            397            -0.76            -0.667909            0.00575981
            398            -0.68            -0.66794            0.0057454
            399            -0.6            -0.667769            0.00573351
            400            -0.76            -0.668            0.0057238
            401            -0.68            -0.66803            0.00570959
            402            -0.68            -0.66806            0.00569545
            403            -0.68            -0.668089            0.00568137
            404            -0.6            -0.667921            0.0056698
            405            -0.68            -0.667951            0.00565586
            406            -0.6            -0.667783            0.00564439
            407            -0.76            -0.66801            0.00563507
            408            -0.68            -0.668039            0.00562131
            409            -0.6            -0.667873            0.00561002
            410            -0.6            -0.667707            0.00559877
            411            -0.52            -0.667348            0.00559668
            412            -0.6            -0.667184            0.00558547
            413            -0.76            -0.667409            0.00557646
            414            -0.68            -0.66744            0.00556306
            415            -0.68            -0.66747            0.00554972
            416            -0.68            -0.6675            0.00553645
            417            -0.68            -0.66753            0.00552323
            418            -0.68            -0.66756            0.00551009
            419            -0.68            -0.667589            0.005497
            420            -0.68            -0.667619            0.00548397
            421            -0.68            -0.667648            0.00547101
            422            -0.6            -0.667488            0.00546039
            423            -0.68            -0.667518            0.00544754
            424            -0.76            -0.667736            0.00543905
            425            -0.68            -0.667765            0.00542632
            426            -0.68            -0.667793            0.00541364
            427            -0.76            -0.668009            0.00540526
            428            -0.6            -0.66785            0.00539496
            429            -0.68            -0.667879            0.00538244
            430            -0.68            -0.667907            0.00536999
            431            -0.68            -0.667935            0.00535759
            432            -0.76            -0.668148            0.00534942
            433            -0.6            -0.667991            0.00533937
            434            -0.68            -0.668018            0.00532712
            435            -0.6            -0.667862            0.00531716
            436            -0.84            -0.668257            0.00531962
            437            -0.84            -0.66865            0.00532197
            438            -0.76            -0.668858            0.0053139
            439            -0.68            -0.668884            0.00530184
            440            -0.92            -0.669455            0.00532048
            441            -0.76            -0.66966            0.00531237
            442            -0.68            -0.669683            0.00530039
            443            -0.6            -0.669526            0.00529075
            444            -0.76            -0.66973            0.00528275
            445            -0.6            -0.669573            0.00527319
            446            -0.6            -0.669417            0.00526367
            447            -0.44            -0.668904            0.0052769
            448            -0.6            -0.66875            0.00526735
            449            -0.68            -0.668775            0.00525567
            450            -0.84            -0.669156            0.00525776
            451            -0.68            -0.66918            0.00524614
            452            -0.68            -0.669204            0.00523458
            453            -0.6            -0.669051            0.00522525
            454            -0.6            -0.668899            0.00521594
            455            -0.6            -0.668747            0.00520667
            456            -0.68            -0.668772            0.0051953
            457            -0.76            -0.668972            0.00518776
            458            -0.68            -0.668996            0.00517647
            459            -0.6            -0.668845            0.00516737
            460            -0.6            -0.668696            0.0051583
            461            -0.68            -0.66872            0.00514715
            462            -0.76            -0.668918            0.0051398
            463            -0.68            -0.668942            0.00512874
            464            -0.6            -0.668793            0.00511983
            465            -0.68            -0.668817            0.00510887
            466            -0.52            -0.668498            0.00510789
            467            -0.6            -0.668351            0.00509905
            468            -0.6            -0.668205            0.00509023
            469            -0.76            -0.668401            0.00508314
            470            -0.68            -0.668426            0.00507237
            471            -0.76            -0.66862            0.00506532
            472            -0.68            -0.668644            0.00505464
            473            -0.76            -0.668837            0.00504764
            474            -0.68            -0.668861            0.00503703
            475            -0.6            -0.668716            0.00502851
            476            -0.68            -0.668739            0.00501799
            477            -0.76            -0.668931            0.00501111
            478            -0.6            -0.668787            0.00500269
            479            -0.68            -0.66881            0.00499229
            480            -0.76            -0.669            0.0049855
            481            -0.68            -0.669023            0.00497518
            482            -0.6            -0.66888            0.00496691
            483            -0.76            -0.669068            0.00496021
            484            -0.6            -0.668926            0.00495201
            485            -0.76            -0.669113            0.00494535
            486            -0.6            -0.668971            0.00493721
            487            -0.68            -0.668994            0.00492712
            488            -0.68            -0.669016            0.00491706
            489            -0.84            -0.669366            0.00491944
            490            -0.76            -0.669551            0.00491287
            491            -0.76            -0.669735            0.00490632
            492            -0.76            -0.669919            0.00489977
            493            -0.76            -0.670101            0.00489323
            494            -0.76            -0.670283            0.00488671
            495            -0.6            -0.670141            0.00487889
            496            -0.68            -0.670161            0.00486909
            497            -0.68            -0.670181            0.00485932
            498            -0.52            -0.66988            0.00485892
            499            -0.52            -0.669579            0.00485847
            500            -0.68            -0.6696            0.00484878
            501            -0.52            -0.669301            0.0048483
            502            -0.6            -0.669163            0.0048406
            503            -0.6            -0.669026            0.00483292
            504            -0.6            -0.668889            0.00482527
            505            -0.6            -0.668752            0.00481764
            506            -0.52            -0.668458            0.00481709
            507            -0.6            -0.668323            0.00480947
            508            -0.52            -0.668031            0.00480887
            509            -0.52            -0.667741            0.00480821
            510            -0.68            -0.667765            0.00479884
            511            -0.76            -0.667945            0.00479284
            512            -0.68            -0.667969            0.00478352
            513            -0.76            -0.668148            0.00477756
            514            -0.6            -0.668016            0.0047701
            515            -0.52            -0.667728            0.00476949
            516            -0.6            -0.667597            0.00476205
            517            -0.6            -0.667466            0.00475463
            518            -0.52            -0.667181            0.00475397
            519            -0.6            -0.667052            0.00474657
            520            -0.6            -0.666923            0.00473919
            521            -0.52            -0.666641            0.00473848
            522            -0.44            -0.666207            0.00474928
            523            -0.52            -0.665927            0.00474843
            524            -0.52            -0.665649            0.00474753
            525            -0.6            -0.665524            0.00474013
            526            -0.76            -0.665703            0.00473452
            527            -0.68            -0.665731            0.00472561
            528            -0.76            -0.665909            0.00472002
            529            -0.76            -0.666087            0.00471445
            530            -0.68            -0.666113            0.00470562
            531            -0.76            -0.66629            0.00470008
            532            -0.68            -0.666316            0.0046913
            533            -0.68            -0.666341            0.00468256
            534            -0.44            -0.665918            0.00469297
            535            -0.52            -0.665645            0.00469212
            536            -0.44            -0.665224            0.00470224
            537            -0.6            -0.665102            0.00469505
            538            -0.52            -0.664833            0.00469407
            539            -0.68            -0.664861            0.00468544
            540            -0.6            -0.664741            0.00467829
            541            -0.6            -0.664621            0.00467117
            542            -0.68            -0.664649            0.00466263
            543            -0.68            -0.664678            0.00465412
            544            -0.52            -0.664412            0.00465317
            545            -0.68            -0.66444            0.00464471
            546            -0.76            -0.664615            0.0046395
            547            -0.68            -0.664644            0.00463109
            548            -0.84            -0.664964            0.00463369
            549            -0.76            -0.665137            0.00462849
            550            -0.68            -0.665164            0.00462014
            551            -0.84            -0.665481            0.00462265
            552            -0.92            -0.665942            0.00463725
            553            -0.76            -0.666112            0.00463198
            554            -0.84            -0.666426            0.00463425
            555            -0.76            -0.666595            0.00462897
            556            -0.52            -0.666331            0.00462815
            557            -0.6            -0.666212            0.00462137
            558            -0.68            -0.666237            0.00461315
            559            -0.68            -0.666261            0.00460495
            560            -0.68            -0.666286            0.00459679
            561            -0.76            -0.666453            0.00459162
            562            -0.76            -0.666619            0.00458647
            563            -0.6            -0.666501            0.00457984
            564            -0.44            -0.666099            0.00458932
            565            -0.6            -0.665982            0.00458269
            566            -0.68            -0.666007            0.00457465
            567            -0.68            -0.666032            0.00456664
            568            -0.76            -0.666197            0.00456159
            569            -0.76            -0.666362            0.00455655
            570            -0.6            -0.666246            0.00455004
            571            -0.68            -0.66627            0.00454213
            572            -0.68            -0.666294            0.00453425
            573            -0.84            -0.666597            0.00453647
            574            -0.76            -0.66676            0.00453148
            575            -0.6            -0.666643            0.00452508
            576            -0.6            -0.666528            0.0045187
            577            -0.68            -0.666551            0.00451092
            578            -0.68            -0.666574            0.00450317
            579            -0.6            -0.666459            0.00449686
            580            -0.52            -0.666207            0.00449619
            581            -0.52            -0.665955            0.0044955
            582            -0.68            -0.665979            0.00448783
            583            -0.76            -0.666141            0.00448303
            584            -0.76            -0.666301            0.00447823
            585            -0.68            -0.666325            0.00447063
            586            -0.6            -0.666212            0.00446443
            587            -0.6            -0.666099            0.00445824
            588            -0.6            -0.665986            0.00445208
            589            -0.6            -0.665874            0.00444592
            590            -0.68            -0.665898            0.00443844
            591            -0.6            -0.665787            0.00443233
            592            -0.6            -0.665676            0.00442623
            593            -0.68            -0.6657            0.00441883
            594            -0.68            -0.665724            0.00441145
            595            -0.76            -0.665882            0.00440688
            596            -0.68            -0.665906            0.00439954
            597            -0.68            -0.66593            0.00439223
            598            -0.6            -0.665819            0.00438626
            599            -0.68            -0.665843            0.004379
            600            -0.68            -0.665867            0.00437176
            601            -0.76            -0.666023            0.00436729
            602            -0.68            -0.666047            0.00436009
            603            -0.68            -0.66607            0.00435291
            604            -0.6            -0.66596            0.00434708
            605            -0.6            -0.665851            0.00434126
            606            -0.68            -0.665875            0.00433415
            607            -0.76            -0.66603            0.00432978
            608            -0.6            -0.665921            0.00432402
            609            -0.6            -0.665813            0.00431827
            610            -0.6            -0.665705            0.00431253
            611            -0.76            -0.665859            0.00430823
            612            -0.68            -0.665882            0.00430125
            613            -0.68            -0.665905            0.00429429
            614            -0.6            -0.665798            0.00428863
            615            -0.6            -0.665691            0.00428299
            616            -0.68            -0.665714            0.0042761
            617            -0.6            -0.665608            0.00427049
            618            -0.68            -0.665631            0.00426364
            619            -0.52            -0.665396            0.00426324
            620            -0.76            -0.665548            0.00425909
            621            -0.84            -0.665829            0.0042615
            622            -0.68            -0.665852            0.0042547
            623            -0.68            -0.665875            0.00424793
            624            -0.6            -0.665769            0.00424243
            625            -0.52            -0.665536            0.00424205
            626            -0.52            -0.665304            0.00424164
            627            -0.68            -0.665327            0.00423494
            628            -0.52            -0.665096            0.00423452
            629            -0.36            -0.66461            0.00425551
            630            -0.68            -0.664635            0.00424882
            631            -0.68            -0.664659            0.00424215
            632            -0.52            -0.66443            0.00424162
            633            -0.52            -0.664202            0.00424105
            634            -0.52            -0.663975            0.00424046
            635            -0.6            -0.663874            0.00423498
            636            -0.44            -0.663522            0.00424294
            637            -0.6            -0.663422            0.00423745
            638            -0.68            -0.663448            0.00423088
            639            -0.84            -0.663725            0.00423328
            640            -0.76            -0.663875            0.00422934
            641            -0.68            -0.6639            0.00422281
            642            -0.76            -0.66405            0.00421888
            643            -0.76            -0.664199            0.00421496
            644            -0.84            -0.664472            0.00421725
            645            -0.84            -0.664744            0.00421949
            646            -0.76            -0.664892            0.00421554
            647            -0.84            -0.665162            0.00421771
            648            -0.92            -0.665556            0.00422952
            649            -0.84            -0.665824            0.00423154
            650            -0.76            -0.665969            0.00422751
            651            -0.68            -0.665991            0.00422107
            652            -0.68            -0.666012            0.00421464
            653            -0.76            -0.666156            0.00421064
            654            -0.76            -0.6663            0.00420665
            655            -0.76            -0.666443            0.00420266
            656            -0.76            -0.666585            0.00419867
            657            -0.52            -0.666362            0.00419821
            658            -0.52            -0.66614            0.00419772
            659            -0.6            -0.666039            0.00419255
            660            -0.6            -0.665939            0.00418738
            661            -0.44            -0.665598            0.00419499
            662            -0.6            -0.665498            0.00418982
            663            -0.68            -0.66552            0.00418356
            664            -0.68            -0.665542            0.00417731
            665            -0.68            -0.665564            0.00417108
            666            -0.68            -0.665586            0.00416487
            667            -0.68            -0.665607            0.00415867
            668            -0.68            -0.665629            0.0041525
            669            -0.76            -0.66577            0.00414869
            670            -0.76            -0.66591            0.00414488
            671            -0.68            -0.665931            0.00413875
            672            -0.6            -0.665833            0.00413375
            673            -0.6            -0.665736            0.00412876
            674            -0.6            -0.665638            0.00412379
            675            -0.68            -0.665659            0.00411773
            676            -0.6            -0.665562            0.00411278
            677            -0.52            -0.665347            0.00411232
            678            -0.68            -0.665369            0.00410631
            679            -0.68            -0.66539            0.00410031
            680            -0.6            -0.665294            0.00409541
            681            -0.6            -0.665198            0.00409051
            682            -0.68            -0.66522            0.00408457
            683            -0.6            -0.665124            0.0040797
            684            -0.76            -0.665263            0.00407609
            685            -0.6            -0.665168            0.00407126
            686            -0.44            -0.66484            0.00407855
            687            -0.68            -0.664862            0.00407266
            688            -0.68            -0.664884            0.0040668
            689            -0.76            -0.665022            0.00406324
            690            -0.76            -0.665159            0.00405968
            691            -0.6            -0.665065            0.0040549
            692            -0.68            -0.665087            0.00404909
            693            -0.6            -0.664993            0.00404433
            694            -0.6            -0.664899            0.00403959
            695            -0.6            -0.664806            0.00403485
            696            -0.68            -0.664828            0.00402911
            697            -0.68            -0.664849            0.00402338
            698            -0.6            -0.664756            0.00401869
            699            -0.76            -0.664893            0.00401525
            700            -0.76            -0.665029            0.00401181
            701            -0.44            -0.664708            0.00401892
            702            -0.36            -0.664274            0.0040366
            703            -0.52            -0.664068            0.00403608
            704            -0.6            -0.663977            0.00403137
            705            -0.68            -0.664            0.00402571
            706            -0.6            -0.663909            0.00402102
            707            -0.6            -0.663819            0.00401635
            708            -0.6            -0.663729            0.00401168
            709            -0.6            -0.663639            0.00400703
            710            -0.6            -0.663549            0.00400239
            711            -0.52            -0.663347            0.00400185
            712            -0.52            -0.663146            0.00400129
            713            -0.6            -0.663058            0.00399666
            714            -0.68            -0.663081            0.00399113
            715            -0.76            -0.663217            0.00398785
            716            -0.68            -0.66324            0.00398234
            717            -0.84            -0.663487            0.00398442
            718            -0.84            -0.663733            0.00398645
            719            -0.84            -0.663978            0.00398845
            720            -0.84            -0.664222            0.0039904
            721            -0.6            -0.664133            0.00398586
            722            -0.6            -0.664044            0.00398132
            723            -0.68            -0.664066            0.00397587
            724            -0.76            -0.664199            0.00397259
            725            -0.84            -0.664441            0.00397451
            726            -0.6            -0.664353            0.00397002
            727            -0.84            -0.664594            0.00397191
            728            -0.84            -0.664835            0.00397377
            729            -0.76            -0.664966            0.00397046
            730            -0.68            -0.664986            0.00396507
            731            -0.68            -0.665007            0.00395969
            732            -0.52            -0.664809            0.00395924
            733            -0.52            -0.664611            0.00395877
            734            -0.52            -0.664414            0.00395828
            735            -0.68            -0.664435            0.00395294
            736            -0.68            -0.664457            0.00394763
            737            -0.6            -0.664369            0.00394324
            738            -0.68            -0.66439            0.00393795
            739            -0.6            -0.664303            0.00393358
            740            -0.68            -0.664324            0.00392832
            741            -0.6            -0.664238            0.00392397
            742            -0.6            -0.664151            0.00391964
            743            -0.68            -0.664172            0.00391441
            744            -0.44            -0.663871            0.00392074
            745            -0.76            -0.664            0.0039176
            746            -0.84            -0.664236            0.00391946
            747            -0.76            -0.664364            0.0039163
            748            -0.76            -0.664492            0.00391315
            749            -0.68            -0.664513            0.00390798
            750            -0.6            -0.664427            0.00390372
            751            -0.68            -0.664447            0.00389857
            752            -0.6            -0.664362            0.00389432
            753            -0.68            -0.664382            0.0038892
            754            -0.52            -0.664191            0.00388876
            755            -0.68            -0.664212            0.00388366
            756            -0.6            -0.664127            0.00387945
            757            -0.52            -0.663937            0.003879
            758            -0.6            -0.663852            0.0038748
            759            -0.36            -0.663452            0.00389034
            760            -0.52            -0.663263            0.0038898
            761            -0.76            -0.66339            0.00388677
            762            -0.68            -0.663412            0.00388172
            763            -0.76            -0.663539            0.0038787
            764            -0.76            -0.663665            0.00387568
            765            -0.68            -0.663686            0.00387066
            766            -0.68            -0.663708            0.00386567
            767            -0.68            -0.663729            0.00386068
            768            -0.52            -0.663542            0.00386019
            769            -0.52            -0.663355            0.00385968
            770            -0.44            -0.663065            0.00386557
            771            -0.44            -0.662776            0.00387138
            772            -0.6            -0.662694            0.00386721
            773            -0.68            -0.662717            0.00386227
            774            -0.68            -0.662739            0.00385734
            775            -0.76            -0.662865            0.00385441
            776            -0.76            -0.66299            0.00385147
            777            -0.76            -0.663115            0.00384854
            778            -0.68            -0.663136            0.00384365
            779            -0.68            -0.663158            0.00383877
            780            -0.76            -0.663282            0.00383586
            781            -0.6            -0.663201            0.0038318
            782            -0.44            -0.662916            0.00383753
            783            -0.76            -0.66304            0.00383463
            784            -0.76            -0.663163            0.00383173
            785            -0.76            -0.663287            0.00382883
            786            -0.68            -0.663308            0.00382402
            787            -0.76            -0.663431            0.00382113
            788            -0.76            -0.663553            0.00381824
            789            -0.6            -0.663473            0.00381425
            790            -0.6            -0.663392            0.00381027
            791            -0.68            -0.663413            0.00380551
            792            -0.68            -0.663434            0.00380076
            793            -0.68            -0.663455            0.00379602
            794            -0.76            -0.663577            0.00379318
            795            -0.6            -0.663497            0.00378925
            796            -0.84            -0.663719            0.00379098
            797            -0.76            -0.663839            0.00378815
            798            -0.76            -0.66396            0.00378532
            799            -0.76            -0.66408            0.00378249
            800            -0.84            -0.6643            0.00378415
            801            -0.84            -0.664519            0.00378578
            802            -0.6            -0.664439            0.00378191
            803            -0.68            -0.664458            0.00377725
            804            -0.76            -0.664577            0.00377442
            805            -0.68            -0.664596            0.00376978
            806            -0.84            -0.664814            0.00377138
            807            -0.76            -0.664932            0.00376855
            808            -0.76            -0.66505            0.00376572
            809            -0.6            -0.664969            0.00376193
            810            -0.44            -0.664691            0.00376753
            811            -0.52            -0.664513            0.00376711
            812            -0.36            -0.664138            0.00378111
            813            -0.52            -0.663961            0.00378062
            814            -0.6            -0.663882            0.00377679
            815            -0.76            -0.664            0.00377399
            816            -0.76            -0.664118            0.0037712
            817            -0.76            -0.664235            0.00376841
            818            -0.68            -0.664254            0.00376385
            819            -0.52            -0.664078            0.00376337
            820            -0.6            -0.664            0.00375959
            821            -0.6            -0.663922            0.00375582
            822            -0.52            -0.663747            0.00375533
            823            -0.52            -0.663572            0.00375483
            824            -0.68            -0.663592            0.00375033
            825            -0.76            -0.663709            0.0037476
            826            -0.76            -0.663826            0.00374487
            827            -0.84            -0.664039            0.0037464
            828            -0.76            -0.664155            0.00374367
            829            -0.76            -0.66427            0.00374094
            830            -0.68            -0.664289            0.00373648
            831            -0.52            -0.664116            0.00373602
            832            -0.44            -0.663846            0.00374123
            833            -0.6            -0.66377            0.00373752
            834            -0.44            -0.663501            0.00374267
            835            -0.36            -0.663138            0.00375581
            836            -0.52            -0.662967            0.00375523
            837            -0.6            -0.662891            0.00375149
            838            -0.68            -0.662912            0.00374707
            839            -0.68            -0.662932            0.00374265
            840            -0.76            -0.663048            0.00373998
            841            -0.76            -0.663163            0.00373731
            842            -0.44            -0.662898            0.00374227
            843            -0.52            -0.662728            0.00374167
            844            -0.6            -0.662654            0.00373797
            845            -0.76            -0.662769            0.00373532
            846            -0.68            -0.66279            0.00373096
            847            -0.44            -0.662527            0.00373582
            848            -0.6            -0.662453            0.00373214
            849            -0.52            -0.662285            0.00373152
            850            -0.68            -0.662306            0.00372718
            851            -0.52            -0.662139            0.00372655
            852            -0.6            -0.662066            0.00372289
            853            -0.6            -0.661993            0.00371924
            854            -0.36            -0.661639            0.00373167
            855            -0.6            -0.661567            0.003728
            856            -0.68            -0.661589            0.00372371
            857            -0.68            -0.66161            0.00371942
            858            -0.68            -0.661632            0.00371514
            859            -0.6            -0.66156            0.00371151
            860            -0.6            -0.661488            0.00370788
            861            -0.44            -0.661231            0.0037125
            862            -0.44            -0.660974            0.00371706
            863            -0.52            -0.660811            0.00371634
            864            -0.52            -0.660648            0.00371561
            865            -0.76            -0.660763            0.00371309
            866            -0.76            -0.660878            0.00371057
            867            -0.76            -0.660992            0.00370805
            868            -0.84            -0.661198            0.00370952
            869            -0.76            -0.661312            0.00370699
            870            -0.76            -0.661425            0.00370446
            871            -0.84            -0.66163            0.00370588
            872            -0.76            -0.661743            0.00370335
            873            -0.68            -0.661764            0.00369916
            874            -0.68            -0.661785            0.00369499
            875            -0.68            -0.661806            0.00369082
            876            -0.76            -0.661918            0.00368831
            877            -0.76            -0.66203            0.0036858
            878            -0.68            -0.66205            0.00368165
            879            -0.84            -0.662253            0.00368303
            880            -0.76            -0.662364            0.00368052
            881            -0.92            -0.662656            0.00368795
            882            -0.76            -0.662766            0.00368542
            883            -0.76            -0.662877            0.00368289
            884            -0.84            -0.663077            0.00368418
            885            -0.6            -0.663006            0.0036807
            886            -0.36            -0.662664            0.00369242
            887            -0.44            -0.662413            0.00369679
            888            -0.6            -0.662342            0.00369329
            889            -0.68            -0.662362            0.00368919
            890            -0.68            -0.662382            0.00368509
            891            -0.68            -0.662402            0.00368101
            892            -0.6            -0.662332            0.00367754
            893            -0.68            -0.662352            0.00367348
            894            -0.6            -0.662282            0.00367003
            895            -0.6            -0.662212            0.00366658
            896            -0.68            -0.662232            0.00366254
            897            -0.6            -0.662163            0.00365912
            898            -0.68            -0.662183            0.00365509
            899            -0.76            -0.662291            0.00365265
            900            -0.6            -0.662222            0.00364924
            901            -0.52            -0.662064            0.00364861
            902            -0.52            -0.661907            0.00364796
            903            -0.52            -0.66175            0.0036473
            904            -0.6            -0.661681            0.00364391
            905            -0.52            -0.661525            0.00364324
            906            -0.52            -0.661369            0.00364257
            907            -0.52            -0.661213            0.00364189
            908            -0.28            -0.660793            0.00366202
            909            -0.52            -0.660638            0.00366127
            910            -0.6            -0.660571            0.00365785
            911            -0.6            -0.660505            0.00365444
            912            -0.6            -0.660439            0.00365103
            913            -0.6            -0.660372            0.00364763
            914            -0.44            -0.660131            0.00365161
            915            -0.68            -0.660153            0.00364768
            916            -0.84            -0.660349            0.00364898
            917            -0.84            -0.660545            0.00365026
            918            -0.84            -0.660741            0.00365152
            919            -0.84            -0.660936            0.00365276
            920            -0.6            -0.66087            0.00364938
            921            -0.76            -0.660977            0.00364701
            922            -0.68            -0.660998            0.00364311
            923            -0.84            -0.661192            0.00364432
            924            -0.92            -0.661472            0.00365114
            925            -0.84            -0.661665            0.00365229
            926            -0.92            -0.661944            0.003659
            927            -0.92            -0.662222            0.00366563
            928            -0.92            -0.6625            0.0036722
            929            -0.84            -0.662691            0.00367322
            930            -0.92            -0.662968            0.00367968
            931            -0.92            -0.663244            0.00368608
            932            -0.84            -0.663433            0.00368701
            933            -0.84            -0.663623            0.00368791
            934            -0.68            -0.66364            0.003684
            935            -0.84            -0.663829            0.00368489
            936            -0.68            -0.663846            0.00368099
            937            -0.68            -0.663863            0.0036771
            938            -0.68            -0.663881            0.00367322
            939            -0.76            -0.663983            0.00367073
            940            -0.68            -0.664            0.00366687
            941            -0.68            -0.664017            0.00366301
            942            -0.76            -0.664119            0.00366053
            943            -0.68            -0.664136            0.00365669
            944            -0.68            -0.664153            0.00365285
            945            -0.76            -0.664254            0.00365039
            946            -0.76            -0.664355            0.00364794
            947            -0.6            -0.664287            0.00364472
            948            -0.76            -0.664388            0.00364227
            949            -0.68            -0.664405            0.00363847
            950            -0.76            -0.664505            0.00363603
            951            -0.92            -0.664774            0.00364212
            952            -0.84            -0.664958            0.00364295
            953            -0.84            -0.665142            0.00364376
            954            -0.68            -0.665157            0.00363997
            955            -0.68            -0.665173            0.00363619
            956            -0.52            -0.665021            0.00363556
            957            -0.68            -0.665037            0.00363179
            958            -0.76            -0.665136            0.00362935
            959            -0.76            -0.665235            0.00362691
            960            -0.76            -0.665333            0.00362448
            961            -0.68            -0.665349            0.00362074
            962            -0.68            -0.665364            0.003617
            963            -0.6            -0.665296            0.00361388
            964            -0.68            -0.665311            0.00361016
            965            -0.76            -0.665409            0.00360775
            966            -0.6            -0.665342            0.00360465
            967            -0.68            -0.665357            0.00360096
            968            -0.76            -0.665455            0.00359856
            969            -0.68            -0.66547            0.00359488
            970            -0.68            -0.665485            0.0035912
            971            -0.76            -0.665582            0.00358882
            972            -0.68            -0.665597            0.00358516
            973            -0.6            -0.665529            0.00358211
            974            -0.52            -0.66538            0.00358154
            975            -0.52            -0.665231            0.00358097
            976            -0.6            -0.665164            0.00357793
            977            -0.68            -0.665179            0.0035743
            978            -0.84            -0.665358            0.00357511
            979            -0.76            -0.665455            0.00357277
            980            -0.92            -0.665714            0.00357856
            981            -0.92            -0.665973            0.00358429
            982            -0.6            -0.665906            0.00358127
            983            -0.68            -0.665921            0.00357765
            984            -0.6            -0.665854            0.00357464
            985            -0.68            -0.665868            0.00357104
            986            -0.76            -0.665963            0.0035687
            987            -0.76            -0.666059            0.00356635
            988            -0.68            -0.666073            0.00356277
            989            -0.6            -0.666006            0.00355979
            990            -0.68            -0.66602            0.00355622
            991            -0.68            -0.666034            0.00355266
            992            -0.68            -0.666048            0.0035491
            993            -0.6            -0.665982            0.00354615
            994            -0.52            -0.665835            0.00354563
            995            -0.68            -0.665849            0.00354209
            996            -0.6            -0.665783            0.00353915
            997            -0.6            -0.665717            0.00353621
            998            -0.6            -0.665651            0.00353328
            999            -0.76            -0.665746            0.00353101
            1000            -0.6            -0.66568            0.00352809
