            1            -0.6            -0.6            0
            2            -0.68            -0.64            0.04
            3            -0.68            -0.653333            0.0266667
            4            -0.84            -0.7            0.0503322
            5            -0.84            -0.728            0.048
            6            -0.84            -0.746667            0.0434102
            7            -0.84            -0.76            0.039036
            8            -0.92            -0.78            0.0392792
            9            -0.92            -0.795556            0.0379733
            10            -0.92            -0.808            0.0361724
            11            -0.92            -0.818182            0.0342668
            12            -0.92            -0.826667            0.0324115
            13            -0.92            -0.833846            0.0306665
            14            -0.92            -0.84            0.0290509
            15            -0.92            -0.845333            0.0275658
            16            -0.92            -0.85            0.0262043
            17            -0.92            -0.854118            0.0249567
            18            -0.92            -0.857778            0.0238124
            19            -0.92            -0.861053            0.0227611
            20            -0.92            -0.864            0.0217933
            21            -0.92            -0.866667            0.0209004
            22            -0.92            -0.869091            0.0200746
            23            -0.92            -0.871304            0.0193093
            24            -0.92            -0.873333            0.0185982
            25            -0.92            -0.8752            0.0179362
            26            -0.92            -0.876923            0.0173185
            27            -0.92            -0.878519            0.0167409
            28            -0.92            -0.88            0.0161998
            29            -0.92            -0.881379            0.015692
            30            -0.92            -0.882667            0.0152144
            31            -0.92            -0.883871            0.0147647
            32            -0.92            -0.885            0.0143403
            33            -0.92            -0.886061            0.0139394
            34            -0.92            -0.887059            0.01356
            35            -0.92            -0.888            0.0132005
            36            -0.92            -0.888889            0.0128593
            37            -0.92            -0.88973            0.0125352
            38            -0.92            -0.890526            0.0122268
            39            -0.92            -0.891282            0.0119331
            40            -1            -0.894            0.0119443
            41            -1            -0.896585            0.0119328
            42            -0.92            -0.897143            0.0116585
            43            -0.92            -0.897674            0.0113966
            44            -0.92            -0.898182            0.0111461
            45            -0.92            -0.898667            0.0109064
            46            -0.92            -0.89913            0.0106767
            47            -1            -0.901277            0.0106653
            48            -1            -0.903333            0.0106414
            49            -1            -0.905306            0.010607
            50            -1            -0.9072            0.0105639
            51            -1            -0.90902            0.0105133
            52            -1            -0.910769            0.0104566
            53            -1            -0.912453            0.0103946
            54            -1            -0.914074            0.0103284
            55            -1            -0.915636            0.0102585
            56            -1            -0.917143            0.0101857
            57            -1            -0.918596            0.0101104
            58            -1            -0.92            0.0100332
            59            -1            -0.921356            0.00995448
            60            -1            -0.922667            0.00987454
            61            -0.92            -0.922623            0.00971141
            62            -0.92            -0.922581            0.00955359
            63            -0.92            -0.92254            0.00940081
            64            -0.92            -0.9225            0.00925284
            65            -0.92            -0.922462            0.00910946
            66            -0.92            -0.922424            0.00897045
            67            -0.92            -0.922388            0.00883563
            68            -1            -0.923529            0.00877923
            69            -1            -0.924638            0.00872176
            70            -1            -0.925714            0.00866341
            71            -1            -0.926761            0.00860437
            72            -1            -0.927778            0.00854479
            73            -1            -0.928767            0.0084848
            74            -1            -0.92973            0.00842453
            75            -1            -0.930667            0.00836409
            76            -1            -0.931579            0.00830357
            77            -1            -0.932468            0.00824305
            78            -1            -0.933333            0.00818262
            79            -1            -0.934177            0.00812234
            80            -1            -0.935            0.00806226
            81            -1            -0.935802            0.00800244
            82            -1            -0.936585            0.00794292
            83            -1            -0.937349            0.00788375
            84            -1            -0.938095            0.00782496
            85            -1            -0.938824            0.00776657
            86            -1            -0.939535            0.00770863
            87            -1            -0.94023            0.00765114
            88            -1            -0.940909            0.00759413
            89            -1            -0.941573            0.00753761
            90            -1            -0.942222            0.00748161
            91            -1            -0.942857            0.00742613
            92            -1            -0.943478            0.00737118
            93            -1            -0.944086            0.00731678
            94            -1            -0.944681            0.00726292
            95            -1            -0.945263            0.00720961
            96            -1            -0.945833            0.00715687
            97            -1            -0.946392            0.00710468
            98            -1            -0.946939            0.00705306
            99            -1            -0.947475            0.00700199
            100            -1            -0.948            0.00695149
            101            -1            -0.948515            0.00690155
            102            -1            -0.94902            0.00685217
            103            -1            -0.949515            0.00680335
            104            -1            -0.95            0.00675508
            105            -1            -0.950476            0.00670736
            106            -1            -0.950943            0.00666019
            107            -1            -0.951402            0.00661356
            108            -1            -0.951852            0.00656747
            109            -1            -0.952294            0.00652192
            110            -1            -0.952727            0.00647689
            111            -1            -0.953153            0.00643239
            112            -1            -0.953571            0.00638841
            113            -1            -0.953982            0.00634494
            114            -1            -0.954386            0.00630197
            115            -1            -0.954783            0.00625951
            116            -1            -0.955172            0.00621755
            117            -1            -0.955556            0.00617607
            118            -1            -0.955932            0.00613508
            119            -1            -0.956303            0.00609457
            120            -1            -0.956667            0.00605453
            121            -1            -0.957025            0.00601495
            122            -1            -0.957377            0.00597584
            123            -1            -0.957724            0.00593718
            124            -1            -0.958065            0.00589896
            125            -1            -0.9584            0.00586119
            126            -1            -0.95873            0.00582385
            127            -1            -0.959055            0.00578694
            128            -1            -0.959375            0.00575046
            129            -1            -0.95969            0.00571439
            130            -1            -0.96            0.00567874
            131            -1            -0.960305            0.00564349
            132            -1            -0.960606            0.00560864
            133            -1            -0.960902            0.00557418
            134            -1            -0.961194            0.00554012
            135            -1            -0.961481            0.00550643
            136            -1            -0.961765            0.00547313
            137            -1            -0.962044            0.0054402
            138            -1            -0.962319            0.00540763
            139            -1            -0.96259            0.00537543
            140            -1            -0.962857            0.00534358
            141            -1            -0.963121            0.00531208
            142            -1            -0.96338            0.00528093
            143            -1            -0.963636            0.00525012
            144            -1            -0.963889            0.00521964
            145            -1            -0.964138            0.0051895
            146            -1            -0.964384            0.00515968
            147            -1            -0.964626            0.00513019
            148            -1            -0.964865            0.00510101
            149            -1            -0.965101            0.00507214
            150            -1            -0.965333            0.00504358
            151            -1            -0.965563            0.00501533
            152            -1            -0.965789            0.00498737
            153            -1            -0.966013            0.00495971
            154            -1            -0.966234            0.00493234
            155            -1            -0.966452            0.00490525
            156            -1            -0.966667            0.00487845
            157            -1            -0.966879            0.00485193
            158            -1            -0.967089            0.00482567
            159            -1            -0.967296            0.00479969
            160            -1            -0.9675            0.00477398
            161            -1            -0.967702            0.00474853
            162            -1            -0.967901            0.00472333
            163            -1            -0.968098            0.0046984
            164            -1            -0.968293            0.00467371
            165            -1            -0.968485            0.00464927
            166            -1            -0.968675            0.00462508
            167            -1            -0.968862            0.00460112
            168            -1            -0.969048            0.00457741
            169            -0.92            -0.968757            0.00455949
            170            -0.92            -0.968471            0.00454165
            171            -1            -0.968655            0.00451878
            172            -1            -0.968837            0.00449612
            173            -1            -0.969017            0.00447369
            174            -1            -0.969195            0.00445146
            175            -1            -0.969371            0.00442945
            176            -1            -0.969545            0.00440765
            177            -1            -0.969718            0.00438605
            178            -1            -0.969888            0.00436466
            179            -1            -0.970056            0.00434347
            180            -1            -0.970222            0.00432247
            181            -1            -0.970387            0.00430167
            182            -1            -0.970549            0.00428106
            183            -1            -0.97071            0.00426065
            184            -1            -0.97087            0.00424042
            185            -1            -0.971027            0.00422037
            186            -1            -0.971183            0.00420051
            187            -1            -0.971337            0.00418083
            188            -1            -0.971489            0.00416132
            189            -1            -0.97164            0.004142
            190            -1            -0.971789            0.00412284
            191            -1            -0.971937            0.00410386
            192            -1            -0.972083            0.00408504
            193            -1            -0.972228            0.00406639
            194            -1            -0.972371            0.00404791
            195            -1            -0.972513            0.00402959
            196            -1            -0.972653            0.00401143
            197            -1            -0.972792            0.00399343
            198            -1            -0.972929            0.00397559
            199            -1            -0.973065            0.0039579
            200            -1            -0.9732            0.00394036
            201            -1            -0.973333            0.00392297
            202            -1            -0.973465            0.00390574
            203            -1            -0.973596            0.00388865
            204            -1            -0.973725            0.0038717
            205            -1            -0.973854            0.0038549
            206            -1            -0.973981            0.00383824
            207            -1            -0.974106            0.00382172
            208            -1            -0.974231            0.00380534
            209            -1            -0.974354            0.00378909
            210            -1            -0.974476            0.00377298
            211            -1            -0.974597            0.00375701
            212            -1            -0.974717            0.00374116
            213            -1            -0.974836            0.00372545
            214            -1            -0.974953            0.00370986
            215            -1            -0.97507            0.00369441
            216            -1            -0.975185            0.00367907
            217            -1            -0.9753            0.00366387
            218            -1            -0.975413            0.00364878
            219            -1            -0.975525            0.00363382
            220            -1            -0.975636            0.00361897
            221            -1            -0.975747            0.00360424
            222            -1            -0.975856            0.00358963
            223            -1            -0.975964            0.00357514
            224            -1            -0.976071            0.00356076
            225            -1            -0.976178            0.0035465
            226            -1            -0.976283            0.00353234
            227            -1            -0.976388            0.0035183
            228            -1            -0.976491            0.00350436
            229            -1            -0.976594            0.00349054
            230            -1            -0.976696            0.00347682
            231            -1            -0.976797            0.0034632
            232            -1            -0.976897            0.00344969
            233            -1            -0.976996            0.00343629
            234            -1            -0.977094            0.00342298
            235            -1            -0.977191            0.00340978
            236            -1            -0.977288            0.00339668
            237            -1            -0.977384            0.00338367
            238            -1            -0.977479            0.00337076
            239            -1            -0.977573            0.00335795
            240            -1            -0.977667            0.00334524
            241            -1            -0.977759            0.00333262
            242            -1            -0.977851            0.00332009
            243            -1            -0.977942            0.00330765
            244            -1            -0.978033            0.00329531
            245            -1            -0.978122            0.00328306
            246            -1            -0.978211            0.00327089
            247            -1            -0.9783            0.00325882
            248            -1            -0.978387            0.00324683
            249            -1            -0.978474            0.00323493
            250            -1            -0.97856            0.00322311
            251            -1            -0.978645            0.00321138
            252            -1            -0.97873            0.00319974
            253            -1            -0.978814            0.00318817
            254            -1            -0.978898            0.00317669
            255            -1            -0.97898            0.00316529
            256            -1            -0.979063            0.00315397
            257            -1            -0.979144            0.00314273
            258            -1            -0.979225            0.00313157
            259            -1            -0.979305            0.00312049
            260            -1            -0.979385            0.00310948
            261            -1            -0.979464            0.00309855
            262            -1            -0.979542            0.0030877
            263            -1            -0.97962            0.00307692
            264            -1            -0.979697            0.00306621
            265            -1            -0.979774            0.00305558
            266            -1            -0.97985            0.00304502
            267            -1            -0.979925            0.00303453
            268            -1            -0.98            0.00302412
            269            -1            -0.980074            0.00301377
            270            -1            -0.980148            0.0030035
            271            -1            -0.980221            0.00299329
            272            -1            -0.980294            0.00298315
            273            -1            -0.980366            0.00297308
            274            -1            -0.980438            0.00296307
            275            -1            -0.980509            0.00295314
            276            -1            -0.98058            0.00294327
            277            -1            -0.98065            0.00293346
            278            -1            -0.980719            0.00292372
            279            -1            -0.980789            0.00291404
            280            -1            -0.980857            0.00290442
            281            -1            -0.980925            0.00289487
            282            -1            -0.980993            0.00288538
            283            -1            -0.98106            0.00287595
            284            -1            -0.981127            0.00286658
            285            -1            -0.981193            0.00285727
            286            -1            -0.981259            0.00284802
            287            -1            -0.981324            0.00283883
            288            -1            -0.981389            0.0028297
            289            -1            -0.981453            0.00282063
            290            -1            -0.981517            0.00281161
            291            -1            -0.981581            0.00280265
            292            -1            -0.981644            0.00279375
            293            -1            -0.981706            0.00278491
            294            -1            -0.981769            0.00277611
            295            -1            -0.981831            0.00276738
            296            -1            -0.981892            0.0027587
            297            -1            -0.981953            0.00275007
            298            -1            -0.982013            0.00274149
            299            -1            -0.982074            0.00273297
            300            -1            -0.982133            0.0027245
            301            -1            -0.982193            0.00271608
            302            -1            -0.982252            0.00270772
            303            -1            -0.98231            0.0026994
            304            -1            -0.982368            0.00269114
            305            -1            -0.982426            0.00268292
            306            -1            -0.982484            0.00267476
            307            -1            -0.982541            0.00266664
            308            -1            -0.982597            0.00265857
            309            -1            -0.982654            0.00265055
            310            -1            -0.98271            0.00264258
            311            -1            -0.982765            0.00263466
            312            -1            -0.982821            0.00262678
            313            -1            -0.982875            0.00261895
            314            -1            -0.98293            0.00261116
            315            -1            -0.982984            0.00260343
            316            -1            -0.983038            0.00259573
            317            -1            -0.983091            0.00258808
            318            -1            -0.983145            0.00258048
            319            -1            -0.983197            0.00257292
            320            -1            -0.98325            0.00256541
            321            -1            -0.983302            0.00255793
            322            -1            -0.983354            0.0025505
            323            -1            -0.983406            0.00254312
            324            -1            -0.983457            0.00253577
            325            -1            -0.983508            0.00252847
            326            -1            -0.983558            0.00252121
            327            -1            -0.983609            0.00251399
            328            -1            -0.983659            0.00250682
            329            -1            -0.983708            0.00249968
            330            -1            -0.983758            0.00249258
            331            -1            -0.983807            0.00248552
            332            -1            -0.983855            0.0024785
            333            -1            -0.983904            0.00247153
            334            -1            -0.983952            0.00246459
            335            -1            -0.984            0.00245769
            336            -1            -0.984048            0.00245082
            337            -1            -0.984095            0.002444
            338            -1            -0.984142            0.00243721
            339            -1            -0.984189            0.00243046
            340            -1            -0.984235            0.00242375
            341            -1            -0.984282            0.00241707
            342            -1            -0.984327            0.00241043
            343            -1            -0.984373            0.00240383
            344            -1            -0.984419            0.00239726
            345            -1            -0.984464            0.00239073
            346            -1            -0.984509            0.00238423
            347            -1            -0.984553            0.00237777
            348            -1            -0.984598            0.00237134
            349            -1            -0.984642            0.00236495
            350            -1            -0.984686            0.00235859
            351            -1            -0.984729            0.00235227
            352            -1            -0.984773            0.00234598
            353            -1            -0.984816            0.00233972
            354            -1            -0.984859            0.00233349
            355            -1            -0.984901            0.0023273
            356            -1            -0.984944            0.00232114
            357            -1            -0.984986            0.00231502
            358            -1            -0.985028            0.00230892
            359            -1            -0.98507            0.00230286
            360            -1            -0.985111            0.00229683
            361            -1            -0.985152            0.00229083
            362            -1            -0.985193            0.00228486
            363            -1            -0.985234            0.00227892
            364            -1            -0.985275            0.00227301
            365            -1            -0.985315            0.00226714
            366            -1            -0.985355            0.00226129
            367            -1            -0.985395            0.00225547
            368            -1            -0.985435            0.00224969
            369            -1            -0.985474            0.00224393
            370            -1            -0.985514            0.0022382
            371            -1            -0.985553            0.0022325
            372            -1            -0.985591            0.00222683
            373            -1            -0.98563            0.00222119
            374            -1            -0.985668            0.00221557
            375            -1            -0.985707            0.00220999
            376            -1            -0.985745            0.00220443
            377            -1            -0.985782            0.0021989
            378            -1            -0.98582            0.0021934
            379            -1            -0.985858            0.00218792
            380            -1            -0.985895            0.00218248
            381            -1            -0.985932            0.00217705
            382            -1            -0.985969            0.00217166
            383            -1            -0.986005            0.00216629
            384            -1            -0.986042            0.00216095
            385            -1            -0.986078            0.00215564
            386            -1            -0.986114            0.00215035
            387            -1            -0.98615            0.00214508
            388            -1            -0.986186            0.00213984
            389            -1            -0.986221            0.00213463
            390            -1            -0.986256            0.00212944
            391            -1            -0.986292            0.00212428
            392            -1            -0.986327            0.00211915
            393            -1            -0.986361            0.00211403
            394            -1            -0.986396            0.00210894
            395            -1            -0.98643            0.00210388
            396            -1            -0.986465            0.00209884
            397            -1            -0.986499            0.00209382
            398            -1            -0.986533            0.00208883
            399            -1            -0.986566            0.00208386
            400            -1            -0.9866            0.00207892
            401            -1            -0.986633            0.002074
            402            -1            -0.986667            0.0020691
            403            -1            -0.9867            0.00206422
            404            -1            -0.986733            0.00205937
            405            -1            -0.986765            0.00205454
            406            -1            -0.986798            0.00204973
            407            -1            -0.98683            0.00204495
            408            -1            -0.986863            0.00204019
            409            -1            -0.986895            0.00203544
            410            -1            -0.986927            0.00203073
            411            -1            -0.986959            0.00202603
            412            -0.92            -0.986796            0.00202763
            413            -1            -0.986828            0.00202297
            414            -1            -0.98686            0.00201832
            415            -1            -0.986892            0.0020137
            416            -1            -0.986923            0.0020091
            417            -1            -0.986954            0.00200453
            418            -1            -0.986986            0.00199997
            419            -1            -0.987017            0.00199543
            420            -1            -0.987048            0.00199091
            421            -1            -0.987078            0.00198642
            422            -1            -0.987109            0.00198194
            423            -1            -0.987139            0.00197749
            424            -1            -0.98717            0.00197305
            425            -1            -0.9872            0.00196863
            426            -1            -0.98723            0.00196424
            427            -1            -0.98726            0.00195986
            428            -1            -0.98729            0.0019555
            429            -1            -0.987319            0.00195116
            430            -1            -0.987349            0.00194684
            431            -1            -0.987378            0.00194254
            432            -1            -0.987407            0.00193826
            433            -1            -0.987436            0.001934
            434            -1            -0.987465            0.00192975
            435            -1            -0.987494            0.00192553
            436            -1            -0.987523            0.00192132
            437            -1            -0.987551            0.00191713
            438            -1            -0.98758            0.00191296
            439            -1            -0.987608            0.00190881
            440            -1            -0.987636            0.00190467
            441            -1            -0.987664            0.00190056
            442            -1            -0.987692            0.00189646
            443            -1            -0.98772            0.00189237
            444            -1            -0.987748            0.00188831
            445            -1            -0.987775            0.00188426
            446            -1            -0.987803            0.00188023
            447            -1            -0.98783            0.00187622
            448            -1            -0.987857            0.00187223
            449            -1            -0.987884            0.00186825
            450            -1            -0.987911            0.00186428
            451            -1            -0.987938            0.00186034
            452            -1            -0.987965            0.00185641
            453            -1            -0.987991            0.0018525
            454            -1            -0.988018            0.0018486
            455            -1            -0.988044            0.00184472
            456            -1            -0.98807            0.00184086
            457            -1            -0.988096            0.00183701
            458            -1            -0.988122            0.00183318
            459            -1            -0.988148            0.00182937
            460            -1            -0.988174            0.00182557
            461            -1            -0.9882            0.00182178
            462            -1            -0.988225            0.00181802
            463            -1            -0.988251            0.00181426
            464            -1            -0.988276            0.00181053
            465            -1            -0.988301            0.0018068
            466            -1            -0.988326            0.0018031
            467            -1            -0.988351            0.00179941
            468            -1            -0.988376            0.00179573
            469            -1            -0.988401            0.00179207
            470            -1            -0.988426            0.00178842
            471            -1            -0.98845            0.00178479
            472            -1            -0.988475            0.00178117
            473            -1            -0.988499            0.00177757
            474            -1            -0.988523            0.00177398
            475            -1            -0.988547            0.00177041
            476            -1            -0.988571            0.00176685
            477            -1            -0.988595            0.0017633
            478            -1            -0.988619            0.00175977
            479            -1            -0.988643            0.00175626
            480            -1            -0.988667            0.00175275
            481            -1            -0.98869            0.00174926
            482            -1            -0.988714            0.00174579
            483            -1            -0.988737            0.00174233
            484            -1            -0.98876            0.00173888
            485            -1            -0.988784            0.00173544
            486            -1            -0.988807            0.00173202
            487            -1            -0.98883            0.00172862
            488            -1            -0.988852            0.00172522
            489            -1            -0.988875            0.00172184
            490            -1            -0.988898            0.00171847
            491            -1            -0.988921            0.00171512
            492            -1            -0.988943            0.00171178
            493            -1            -0.988966            0.00170845
            494            -1            -0.988988            0.00170513
            495            -1            -0.98901            0.00170183
            496            -1            -0.989032            0.00169854
            497            -1            -0.989054            0.00169526
            498            -1            -0.989076            0.001692
            499            -1            -0.989098            0.00168875
            500            -1            -0.98912            0.00168551
            501            -1            -0.989142            0.00168228
            502            -1            -0.989163            0.00167906
            503            -1            -0.989185            0.00167586
            504            -1            -0.989206            0.00167267
            505            -1            -0.989228            0.00166949
            506            -1            -0.989249            0.00166633
            507            -1            -0.98927            0.00166317
            508            -1            -0.989291            0.00166003
            509            -1            -0.989312            0.0016569
            510            -1            -0.989333            0.00165378
            511            -1            -0.989354            0.00165067
            512            -1            -0.989375            0.00164757
            513            -1            -0.989396            0.00164449
            514            -1            -0.989416            0.00164142
            515            -1            -0.989437            0.00163836
            516            -1            -0.989457            0.00163531
            517            -1            -0.989478            0.00163227
            518            -1            -0.989498            0.00162924
            519            -1            -0.989518            0.00162622
            520            -1            -0.989538            0.00162322
            521            -1            -0.989559            0.00162022
            522            -1            -0.989579            0.00161724
            523            -1            -0.989598            0.00161427
            524            -1            -0.989618            0.00161131
            525            -1            -0.989638            0.00160836
            526            -1            -0.989658            0.00160542
            527            -1            -0.989677            0.00160249
            528            -1            -0.989697            0.00159957
            529            -1            -0.989716            0.00159666
            530            -1            -0.989736            0.00159376
            531            -1            -0.989755            0.00159088
            532            -1            -0.989774            0.001588
            533            -1            -0.989794            0.00158513
            534            -1            -0.989813            0.00158228
            535            -1            -0.989832            0.00157943
            536            -1            -0.989851            0.0015766
            537            -1            -0.98987            0.00157377
            538            -1            -0.989888            0.00157096
            539            -1            -0.989907            0.00156815
            540            -1            -0.989926            0.00156536
            541            -1            -0.989945            0.00156257
            542            -1            -0.989963            0.0015598
            543            -1            -0.989982            0.00155703
            544            -0.92            -0.989853            0.00155948
            545            -0.92            -0.989725            0.00156189
            546            -0.92            -0.989597            0.00156424
            547            -0.92            -0.98947            0.00156656
            548            -0.92            -0.989343            0.00156883
            549            -0.92            -0.989217            0.00157105
            550            -0.92            -0.989091            0.00157323
            551            -0.92            -0.988966            0.00157537
            552            -0.92            -0.988841            0.00157747
            553            -1            -0.988861            0.00157475
            554            -1            -0.988881            0.00157203
            555            -1            -0.988901            0.00156932
            556            -1            -0.988921            0.00156663
            557            -1            -0.988941            0.00156394
            558            -1            -0.988961            0.00156126
            559            -1            -0.98898            0.00155859
            560            -1            -0.989            0.00155593
            561            -1            -0.98902            0.00155327
            562            -1            -0.989039            0.00155063
            563            -1            -0.989059            0.001548
            564            -1            -0.989078            0.00154537
            565            -1            -0.989097            0.00154275
            566            -1            -0.989117            0.00154015
            567            -1            -0.989136            0.00153755
            568            -1            -0.989155            0.00153496
            569            -1            -0.989174            0.00153238
            570            -1            -0.989193            0.0015298
            571            -1            -0.989212            0.00152724
            572            -1            -0.989231            0.00152468
            573            -1            -0.98925            0.00152214
            574            -1            -0.989268            0.0015196
            575            -1            -0.989287            0.00151707
            576            -1            -0.989306            0.00151455
            577            -1            -0.989324            0.00151203
            578            -1            -0.989343            0.00150953
            579            -1            -0.989361            0.00150703
            580            -1            -0.989379            0.00150454
            581            -1            -0.989398            0.00150206
            582            -1            -0.989416            0.00149959
            583            -1            -0.989434            0.00149712
            584            -1            -0.989452            0.00149467
            585            -1            -0.98947            0.00149222
            586            -1            -0.989488            0.00148978
            587            -1            -0.989506            0.00148735
            588            -1            -0.989524            0.00148492
            589            -1            -0.989542            0.00148251
            590            -1            -0.989559            0.0014801
            591            -1            -0.989577            0.0014777
            592            -1            -0.989595            0.0014753
            593            -1            -0.989612            0.00147292
            594            -1            -0.98963            0.00147054
            595            -1            -0.989647            0.00146817
            596            -1            -0.989664            0.00146581
            597            -1            -0.989682            0.00146345
            598            -1            -0.989699            0.0014611
            599            -1            -0.989716            0.00145876
            600            -1            -0.989733            0.00145643
            601            -1            -0.98975            0.00145411
            602            -1            -0.989767            0.00145179
            603            -1            -0.989784            0.00144948
            604            -1            -0.989801            0.00144718
            605            -1            -0.989818            0.00144488
            606            -1            -0.989835            0.00144259
            607            -1            -0.989852            0.00144031
            608            -1            -0.989868            0.00143804
            609            -1            -0.989885            0.00143577
            610            -1            -0.989902            0.00143351
            611            -1            -0.989918            0.00143126
            612            -1            -0.989935            0.00142901
            613            -1            -0.989951            0.00142677
            614            -1            -0.989967            0.00142454
            615            -1            -0.989984            0.00142232
            616            -1            -0.99            0.0014201
            617            -1            -0.990016            0.00141789
            618            -1            -0.990032            0.00141568
            619            -1            -0.990048            0.00141349
            620            -1            -0.990065            0.0014113
            621            -1            -0.990081            0.00140911
            622            -1            -0.990096            0.00140694
            623            -1            -0.990112            0.00140477
            624            -1            -0.990128            0.0014026
            625            -1            -0.990144            0.00140045
            626            -1            -0.99016            0.0013983
            627            -1            -0.990175            0.00139615
            628            -1            -0.990191            0.00139401
            629            -1            -0.990207            0.00139188
            630            -1            -0.990222            0.00138976
            631            -1            -0.990238            0.00138764
            632            -1            -0.990253            0.00138553
            633            -1            -0.990269            0.00138343
            634            -1            -0.990284            0.00138133
            635            -1            -0.990299            0.00137924
            636            -1            -0.990314            0.00137715
            637            -1            -0.99033            0.00137507
            638            -1            -0.990345            0.001373
            639            -1            -0.99036            0.00137093
            640            -1            -0.990375            0.00136887
            641            -1            -0.99039            0.00136681
            642            -1            -0.990405            0.00136477
            643            -1            -0.99042            0.00136272
            644            -1            -0.990435            0.00136069
            645            -1            -0.99045            0.00135866
            646            -1            -0.990464            0.00135663
            647            -1            -0.990479            0.00135461
            648            -1            -0.990494            0.0013526
            649            -1            -0.990508            0.0013506
            650            -1            -0.990523            0.00134859
            651            -1            -0.990538            0.0013466
            652            -1            -0.990552            0.00134461
            653            -1            -0.990567            0.00134263
            654            -1            -0.990581            0.00134065
            655            -1            -0.990595            0.00133868
            656            -1            -0.99061            0.00133672
            657            -1            -0.990624            0.00133476
            658            -1            -0.990638            0.0013328
            659            -1            -0.990653            0.00133085
            660            -1            -0.990667            0.00132891
            661            -0.92            -0.99056            0.0013312
            662            -0.92            -0.990453            0.00133345
            663            -1            -0.990468            0.00133152
            664            -1            -0.990482            0.00132959
            665            -1            -0.990496            0.00132767
            666            -1            -0.990511            0.00132575
            667            -1            -0.990525            0.00132383
            668            -1            -0.990539            0.00132193
            669            -1            -0.990553            0.00132003
            670            -1            -0.990567            0.00131813
            671            -1            -0.990581            0.00131624
            672            -1            -0.990595            0.00131435
            673            -1            -0.990609            0.00131247
            674            -1            -0.990623            0.0013106
            675            -1            -0.990637            0.00130873
            676            -1            -0.990651            0.00130687
            677            -1            -0.990665            0.00130501
            678            -1            -0.990678            0.00130315
            679            -1            -0.990692            0.00130131
            680            -1            -0.990706            0.00129946
            681            -1            -0.99072            0.00129762
            682            -1            -0.990733            0.00129579
            683            -1            -0.990747            0.00129396
            684            -1            -0.99076            0.00129214
            685            -0.92            -0.990657            0.00129438
            686            -1            -0.990671            0.00129257
            687            -1            -0.990684            0.00129075
            688            -1            -0.990698            0.00128895
            689            -1            -0.990711            0.00128715
            690            -1            -0.990725            0.00128535
            691            -1            -0.990738            0.00128356
            692            -1            -0.990751            0.00128177
            693            -1            -0.990765            0.00127999
            694            -1            -0.990778            0.00127822
            695            -1            -0.990791            0.00127644
            696            -1            -0.990805            0.00127468
            697            -1            -0.990818            0.00127292
            698            -1            -0.990831            0.00127116
            699            -1            -0.990844            0.00126941
            700            -1            -0.990857            0.00126766
            701            -1            -0.99087            0.00126592
            702            -1            -0.990883            0.00126418
            703            -1            -0.990896            0.00126245
            704            -1            -0.990909            0.00126072
            705            -1            -0.990922            0.00125899
            706            -1            -0.990935            0.00125728
            707            -1            -0.990948            0.00125556
            708            -1            -0.99096            0.00125385
            709            -1            -0.990973            0.00125215
            710            -1            -0.990986            0.00125045
            711            -1            -0.990999            0.00124875
            712            -0.92            -0.990899            0.00125098
            713            -0.92            -0.990799            0.00125317
            714            -1            -0.990812            0.00125148
            715            -1            -0.990825            0.0012498
            716            -1            -0.990838            0.00124812
            717            -1            -0.990851            0.00124644
            718            -1            -0.990864            0.00124477
            719            -1            -0.990876            0.0012431
            720            -1            -0.990889            0.00124144
            721            -1            -0.990902            0.00123978
            722            -1            -0.990914            0.00123812
            723            -1            -0.990927            0.00123647
            724            -1            -0.990939            0.00123483
            725            -1            -0.990952            0.00123319
            726            -1            -0.990964            0.00123155
            727            -1            -0.990977            0.00122992
            728            -1            -0.990989            0.00122829
            729            -1            -0.991001            0.00122667
            730            -1            -0.991014            0.00122505
            731            -1            -0.991026            0.00122343
            732            -1            -0.991038            0.00122182
            733            -1            -0.99105            0.00122021
            734            -1            -0.991063            0.00121861
            735            -1            -0.991075            0.00121701
            736            -1            -0.991087            0.00121542
            737            -1            -0.991099            0.00121383
            738            -1            -0.991111            0.00121224
            739            -1            -0.991123            0.00121066
            740            -1            -0.991135            0.00120908
            741            -1            -0.991147            0.00120751
            742            -1            -0.991159            0.00120594
            743            -1            -0.991171            0.00120438
            744            -1            -0.991183            0.00120281
            745            -1            -0.991195            0.00120126
            746            -1            -0.991206            0.0011997
            747            -1            -0.991218            0.00119815
            748            -1            -0.99123            0.00119661
            749            -1            -0.991242            0.00119507
            750            -1            -0.991253            0.00119353
            751            -1            -0.991265            0.001192
            752            -1            -0.991277            0.00119047
            753            -1            -0.991288            0.00118894
            754            -1            -0.9913            0.00118742
            755            -1            -0.991311            0.0011859
            756            -1            -0.991323            0.00118439
            757            -1            -0.991334            0.00118288
            758            -1            -0.991346            0.00118137
            759            -1            -0.991357            0.00117987
            760            -1            -0.991368            0.00117837
            761            -1            -0.99138            0.00117688
            762            -1            -0.991391            0.00117539
            763            -1            -0.991402            0.0011739
            764            -1            -0.991414            0.00117242
            765            -1            -0.991425            0.00117094
            766            -0.92            -0.991332            0.00117312
            767            -1            -0.991343            0.00117164
            768            -1            -0.991354            0.00117017
            769            -1            -0.991365            0.0011687
            770            -1            -0.991377            0.00116724
            771            -1            -0.991388            0.00116577
            772            -1            -0.991399            0.00116432
            773            -1            -0.99141            0.00116286
            774            -1            -0.991421            0.00116141
            775            -1            -0.991432            0.00115997
            776            -1            -0.991443            0.00115852
            777            -1            -0.991454            0.00115708
            778            -1            -0.991465            0.00115565
            779            -1            -0.991476            0.00115421
            780            -1            -0.991487            0.00115279
            781            -1            -0.991498            0.00115136
            782            -1            -0.991509            0.00114994
            783            -1            -0.99152            0.00114852
            784            -1            -0.991531            0.0011471
            785            -1            -0.991541            0.00114569
            786            -1            -0.991552            0.00114429
            787            -1            -0.991563            0.00114288
            788            -1            -0.991574            0.00114148
            789            -0.92            -0.991483            0.00114364
            790            -0.92            -0.991392            0.00114577
            791            -1            -0.991403            0.00114437
            792            -1            -0.991414            0.00114297
            793            -1            -0.991425            0.00114158
            794            -1            -0.991436            0.0011402
            795            -1            -0.991447            0.00113881
            796            -1            -0.991457            0.00113743
            797            -1            -0.991468            0.00113605
            798            -1            -0.991479            0.00113468
            799            -1            -0.991489            0.00113331
            800            -1            -0.9915            0.00113194
            801            -1            -0.991511            0.00113058
            802            -1            -0.991521            0.00112922
            803            -1            -0.991532            0.00112786
            804            -1            -0.991542            0.0011265
            805            -1            -0.991553            0.00112515
            806            -1            -0.991563            0.0011238
            807            -1            -0.991574            0.00112246
            808            -1            -0.991584            0.00112112
            809            -1            -0.991595            0.00111978
            810            -1            -0.991605            0.00111844
            811            -1            -0.991615            0.00111711
            812            -1            -0.991626            0.00111578
            813            -1            -0.991636            0.00111446
            814            -1            -0.991646            0.00111314
            815            -1            -0.991656            0.00111182
            816            -1            -0.991667            0.0011105
            817            -1            -0.991677            0.00110919
            818            -1            -0.991687            0.00110788
            819            -1            -0.991697            0.00110657
            820            -1            -0.991707            0.00110527
            821            -1            -0.991717            0.00110396
            822            -1            -0.991727            0.00110267
            823            -1            -0.991738            0.00110137
            824            -1            -0.991748            0.00110008
            825            -1            -0.991758            0.00109879
            826            -1            -0.991768            0.00109751
            827            -1            -0.991778            0.00109622
            828            -1            -0.991787            0.00109494
            829            -1            -0.991797            0.00109367
            830            -1            -0.991807            0.00109239
            831            -1            -0.991817            0.00109112
            832            -1            -0.991827            0.00108985
            833            -1            -0.991837            0.00108859
            834            -1            -0.991847            0.00108733
            835            -1            -0.991856            0.00108607
            836            -1            -0.991866            0.00108481
            837            -1            -0.991876            0.00108356
            838            -1            -0.991885            0.00108231
            839            -1            -0.991895            0.00108106
            840            -1            -0.991905            0.00107982
            841            -1            -0.991914            0.00107857
            842            -1            -0.991924            0.00107734
            843            -1            -0.991934            0.0010761
            844            -1            -0.991943            0.00107487
            845            -1            -0.991953            0.00107364
            846            -1            -0.991962            0.00107241
            847            -1            -0.991972            0.00107118
            848            -1            -0.991981            0.00106996
            849            -1            -0.991991            0.00106874
            850            -1            -0.992            0.00106753
            851            -1            -0.992009            0.00106631
            852            -1            -0.992019            0.0010651
            853            -1            -0.992028            0.00106389
            854            -1            -0.992037            0.00106269
            855            -1            -0.992047            0.00106148
            856            -1            -0.992056            0.00106028
            857            -1            -0.992065            0.00105909
            858            -1            -0.992075            0.00105789
            859            -1            -0.992084            0.0010567
            860            -1            -0.992093            0.00105551
            861            -1            -0.992102            0.00105432
            862            -1            -0.992111            0.00105314
            863            -1            -0.992121            0.00105196
            864            -1            -0.99213            0.00105078
            865            -1            -0.992139            0.0010496
            866            -1            -0.992148            0.00104843
            867            -1            -0.992157            0.00104726
            868            -1            -0.992166            0.00104609
            869            -1            -0.992175            0.00104493
            870            -1            -0.992184            0.00104376
            871            -1            -0.992193            0.0010426
            872            -1            -0.992202            0.00104144
            873            -1            -0.992211            0.00104029
            874            -1            -0.99222            0.00103914
            875            -1            -0.992229            0.00103799
            876            -1            -0.992237            0.00103684
            877            -1            -0.992246            0.00103569
            878            -1            -0.992255            0.00103455
            879            -1            -0.992264            0.00103341
            880            -1            -0.992273            0.00103227
            881            -1            -0.992281            0.00103114
            882            -1            -0.99229            0.00103001
            883            -1            -0.992299            0.00102888
            884            -1            -0.992308            0.00102775
            885            -1            -0.992316            0.00102662
            886            -1            -0.992325            0.0010255
            887            -1            -0.992334            0.00102438
            888            -1            -0.992342            0.00102326
            889            -1            -0.992351            0.00102215
            890            -1            -0.99236            0.00102103
            891            -1            -0.992368            0.00101992
            892            -1            -0.992377            0.00101882
            893            -1            -0.992385            0.00101771
            894            -1            -0.992394            0.00101661
            895            -1            -0.992402            0.00101551
            896            -1            -0.992411            0.00101441
            897            -1            -0.992419            0.00101331
            898            -1            -0.992428            0.00101222
            899            -1            -0.992436            0.00101113
            900            -1            -0.992444            0.00101004
            901            -1            -0.992453            0.00100895
            902            -1            -0.992461            0.00100787
            903            -1            -0.99247            0.00100678
            904            -1            -0.992478            0.0010057
            905            -1            -0.992486            0.00100463
            906            -1            -0.992494            0.00100355
            907            -1            -0.992503            0.00100248
            908            -1            -0.992511            0.00100141
            909            -1            -0.992519            0.00100034
            910            -1            -0.992527            0.000999272
            911            -1            -0.992536            0.000998209
            912            -1            -0.992544            0.000997147
            913            -1            -0.992552            0.000996088
            914            -1            -0.99256            0.000995031
            915            -1            -0.992568            0.000993976
            916            -1            -0.992576            0.000992923
            917            -1            -0.992585            0.000991873
            918            -1            -0.992593            0.000990825
            919            -1            -0.992601            0.000989779
            920            -1            -0.992609            0.000988735
            921            -1            -0.992617            0.000987694
            922            -1            -0.992625            0.000986654
            923            -1            -0.992633            0.000985617
            924            -1            -0.992641            0.000984582
            925            -1            -0.992649            0.000983549
            926            -1            -0.992657            0.000982519
            927            -1            -0.992665            0.00098149
            928            -1            -0.992672            0.000980464
            929            -1            -0.99268            0.00097944
            930            -1            -0.992688            0.000978418
            931            -1            -0.992696            0.000977398
            932            -1            -0.992704            0.00097638
            933            -1            -0.992712            0.000975364
            934            -1            -0.992719            0.000974351
            935            -1            -0.992727            0.000973339
            936            -1            -0.992735            0.00097233
            937            -1            -0.992743            0.000971322
            938            -1            -0.992751            0.000970317
            939            -1            -0.992758            0.000969314
            940            -1            -0.992766            0.000968313
            941            -1            -0.992774            0.000967314
            942            -1            -0.992781            0.000966317
            943            -1            -0.992789            0.000965322
            944            -1            -0.992797            0.000964329
            945            -1            -0.992804            0.000963338
            946            -1            -0.992812            0.00096235
            947            -1            -0.992819            0.000961363
            948            -1            -0.992827            0.000960378
            949            -1            -0.992835            0.000959395
            950            -1            -0.992842            0.000958415
            951            -1            -0.99285            0.000957436
            952            -1            -0.992857            0.000956459
            953            -1            -0.992865            0.000955484
            954            -1            -0.992872            0.000954511
            955            -1            -0.99288            0.000953541
            956            -1            -0.992887            0.000952572
            957            -1            -0.992894            0.000951605
            958            -1            -0.992902            0.00095064
            959            -1            -0.992909            0.000949677
            960            -1            -0.992917            0.000948716
            961            -1            -0.992924            0.000947757
            962            -1            -0.992931            0.0009468
            963            -1            -0.992939            0.000945845
            964            -1            -0.992946            0.000944891
            965            -1            -0.992953            0.00094394
            966            -1            -0.992961            0.000942991
            967            -1            -0.992968            0.000942043
            968            -1            -0.992975            0.000941097
            969            -1            -0.992982            0.000940154
            970            -1            -0.99299            0.000939212
            971            -1            -0.992997            0.000938272
            972            -1            -0.993004            0.000937334
            973            -1            -0.993011            0.000936397
            974            -1            -0.993018            0.000935463
            975            -1            -0.993026            0.000934531
            976            -1            -0.993033            0.0009336
            977            -1            -0.99304            0.000932671
            978            -1            -0.993047            0.000931744
            979            -1            -0.993054            0.000930819
            980            -1            -0.993061            0.000929896
            981            -1            -0.993068            0.000928974
            982            -1            -0.993075            0.000928055
            983            -1            -0.993082            0.000927137
            984            -1            -0.993089            0.000926221
            985            -1            -0.993096            0.000925307
            986            -1            -0.993103            0.000924394
            987            -1            -0.99311            0.000923484
            988            -1            -0.993117            0.000922575
            989            -1            -0.993124            0.000921668
            990            -1            -0.993131            0.000920762
            991            -1            -0.993138            0.000919859
            992            -1            -0.993145            0.000918957
            993            -1            -0.993152            0.000918057
            994            -1            -0.993159            0.000917159
            995            -1            -0.993166            0.000916263
            996            -1            -0.993173            0.000915368
            997            -1            -0.99318            0.000914475
            998            -1            -0.993186            0.000913584
            999            -1            -0.993193            0.000912694
            1000            -1            -0.9932            0.000911807
