            1            -0.28            -0.28            0
            2            -0.36            -0.32            0.04
            3            -0.52            -0.386667            0.0705534
            4            -0.6            -0.44            0.0730297
            5            -0.68            -0.488            0.0741889
            6            -0.6            -0.506667            0.0633859
            7            -0.84            -0.554286            0.0716758
            8            -0.84            -0.59            0.071614
            9            -0.84            -0.617778            0.0689963
            10            -0.68            -0.624            0.0620251
            11            -0.68            -0.629091            0.0563343
            12            -0.52            -0.62            0.0522233
            13            -0.68            -0.624615            0.0482597
            14            -0.68            -0.628571            0.0448546
            15            -0.68            -0.632            0.0418978
            16            -0.6            -0.63            0.0392428
            17            -0.52            -0.623529            0.0374258
            18            -0.6            -0.622222            0.0353096
            19            -0.52            -0.616842            0.0338301
            20            -0.6            -0.616            0.0321051
            21            -0.52            -0.611429            0.0308783
            22            -0.6            -0.610909            0.0294459
            23            -0.76            -0.617391            0.0288736
            24            -0.6            -0.616667            0.0276538
            25            -0.68            -0.6192            0.0266453
            26            -0.76            -0.624615            0.0261665
            27            -0.76            -0.62963            0.0256732
            28            -0.76            -0.634286            0.0251736
            29            -0.76            -0.638621            0.0246739
            30            -0.6            -0.637333            0.0238719
            31            -0.6            -0.636129            0.0231204
            32            -0.44            -0.63            0.0232101
            33            -0.68            -0.631515            0.0225468
            34            -0.68            -0.632941            0.02192
            35            -0.68            -0.634286            0.0213269
            36            -0.68            -0.635556            0.0207649
            37            -0.76            -0.638919            0.0204741
            38            -0.76            -0.642105            0.0201811
            39            -0.6            -0.641026            0.0196865
            40            -0.68            -0.642            0.0192127
            41            -0.68            -0.642927            0.0187612
            42            -0.76            -0.645714            0.01852
            43            -0.76            -0.648372            0.0182784
            44            -0.68            -0.649091            0.0178726
            45            -0.76            -0.651556            0.0176439
            46            -0.68            -0.652174            0.0172672
            47            -0.68            -0.652766            0.0169062
            48            -0.76            -0.655            0.0167003
            49            -0.76            -0.657143            0.0164957
            50            -0.76            -0.6592            0.0162928
            51            -0.76            -0.661176            0.016092
            52            -0.68            -0.661538            0.0157837
            53            -0.76            -0.663396            0.0155941
            54            -0.76            -0.665185            0.0154068
            55            -0.76            -0.666909            0.015222
            56            -0.68            -0.667143            0.0149495
            57            -0.76            -0.668772            0.014775
            58            -0.84            -0.671724            0.0148151
            59            -0.76            -0.67322            0.0146385
            60            -0.84            -0.676            0.0146584
            61            -0.68            -0.676066            0.0144163
            62            -0.76            -0.677419            0.0142463
            63            -0.68            -0.67746            0.0140184
            64            -0.6            -0.67625            0.0138506
            65            -0.68            -0.676308            0.013636
            66            -0.68            -0.676364            0.0134279
            67            -0.6            -0.675224            0.013275
            68            -0.6            -0.674118            0.013125
            69            -0.44            -0.670725            0.0133711
            70            -0.6            -0.669714            0.0132174
            71            -0.6            -0.668732            0.0130668
            72            -0.68            -0.668889            0.012885
            73            -0.68            -0.669041            0.0127082
            74            -0.68            -0.669189            0.0125361
            75            -0.76            -0.6704            0.012427
            76            -0.76            -0.671579            0.0123189
            77            -0.84            -0.673766            0.0123531
            78            -0.76            -0.674872            0.0122437
            79            -0.68            -0.674937            0.0120879
            80            -0.68            -0.675            0.011936
            81            -0.6            -0.674074            0.011824
            82            -0.6            -0.673171            0.0117138
            83            -0.6            -0.672289            0.0116054
            84            -0.6            -0.671429            0.0114986
            85            -0.6            -0.670588            0.0113936
            86            -0.76            -0.671628            0.0113082
            87            -0.68            -0.671724            0.0111779
            88            -0.76            -0.672727            0.0110956
            89            -0.6            -0.67191            0.0110006
            90            -0.6            -0.671111            0.010907
            91            -0.52            -0.669451            0.0109135
            92            -0.52            -0.667826            0.0109158
            93            -0.6            -0.667097            0.0108224
            94            -0.68            -0.667234            0.0107075
            95            -0.76            -0.668211            0.0106391
            96            -0.68            -0.668333            0.0105284
            97            -0.76            -0.669278            0.0104621
            98            -0.6            -0.668571            0.0103789
            99            -0.68            -0.668687            0.0102742
            100            -0.84            -0.6704            0.0103142
            101            -0.84            -0.672079            0.0103487
            102            -0.84            -0.673725            0.0103781
            103            -0.84            -0.67534            0.0104029
            104            -0.84            -0.676923            0.0104233
            105            -0.76            -0.677714            0.0103539
            106            -0.76            -0.678491            0.0102851
            107            -0.76            -0.679252            0.0102169
            108            -0.76            -0.68            0.0101495
            109            -0.84            -0.681468            0.0101625
            110            -0.76            -0.682182            0.0100949
            111            -0.84            -0.683604            0.0101041
            112            -0.84            -0.685            0.0101104
            113            -0.84            -0.686372            0.010114
            114            -0.76            -0.687018            0.0100456
            115            -0.76            -0.687652            0.00997811
            116            -0.6            -0.686897            0.00992053
            117            -0.6            -0.686154            0.00986338
            118            -0.6            -0.685424            0.00980665
            119            -0.6            -0.684706            0.00975035
            120            -0.44            -0.682667            0.00988146
            121            -0.52            -0.681322            0.00989124
            122            -0.52            -0.68            0.00989855
            123            -0.52            -0.678699            0.00990355
            124            -0.6            -0.678065            0.00984384
            125            -0.6            -0.67744            0.00978472
            126            -0.44            -0.675556            0.00988798
            127            -0.6            -0.674961            0.00982784
            128            -0.6            -0.674375            0.00976832
            129            -0.68            -0.674419            0.0096924
            130            -0.68            -0.674462            0.00961765
            131            -0.6            -0.673893            0.00956086
            132            -0.68            -0.673939            0.00948827
            133            -0.76            -0.674586            0.00943887
            134            -0.68            -0.674627            0.00936825
            135            -0.76            -0.675259            0.00932007
            136            -0.76            -0.675882            0.00927225
            137            -0.76            -0.676496            0.00922478
            138            -0.76            -0.677101            0.00917766
            139            -0.84            -0.678273            0.00918645
            140            -0.76            -0.678857            0.00913926
            141            -0.76            -0.679433            0.00909244
            142            -0.6            -0.678873            0.0090455
            143            -0.52            -0.677762            0.00905047
            144            -0.6            -0.677222            0.00900361
            145            -0.68            -0.677241            0.00894132
            146            -0.68            -0.67726            0.00887988
            147            -0.6            -0.676735            0.00883492
            148            -0.76            -0.677297            0.00879304
            149            -0.68            -0.677315            0.00873384
            150            -0.76            -0.677867            0.00869291
            151            -0.6            -0.677351            0.00865054
            152            -0.68            -0.677368            0.00859346
            153            -0.68            -0.677386            0.00853712
            154            -0.68            -0.677403            0.00848152
            155            -0.52            -0.676387            0.00848759
            156            -0.6            -0.675897            0.00844721
            157            -0.52            -0.674904            0.00845177
            158            -0.52            -0.673924            0.00845514
            159            -0.6            -0.673459            0.00841465
            160            -0.44            -0.672            0.00848825
            161            -0.44            -0.670559            0.00855755
            162            -0.68            -0.670617            0.00850477
            163            -0.68            -0.670675            0.00845262
            164            -0.76            -0.67122            0.00841856
            165            -0.84            -0.672242            0.00842968
            166            -0.6            -0.671807            0.00839004
            167            -0.76            -0.672335            0.00835635
            168            -0.84            -0.673333            0.0083662
            169            -0.84            -0.67432            0.00837482
            170            -0.84            -0.675294            0.00838226
            171            -0.84            -0.676257            0.00838858
            172            -0.84            -0.677209            0.00839382
            173            -0.92            -0.678613            0.00846235
            174            -0.92            -0.68            0.00852718
            175            -0.84            -0.680914            0.00852747
            176            -0.68            -0.680909            0.00847888
            177            -0.52            -0.68            0.00847971
            178            -0.52            -0.679101            0.00847971
            179            -0.76            -0.679553            0.00844431
            180            -0.68            -0.679556            0.00839727
            181            -0.76            -0.68            0.00836256
            182            -0.6            -0.67956            0.0083281
            183            -0.76            -0.68            0.00829412
            184            -0.6            -0.679565            0.00826037
            185            -0.6            -0.679135            0.00822685
            186            -0.6            -0.67871            0.00819355
            187            -0.68            -0.678717            0.00814962
            188            -0.84            -0.679574            0.00815142
            189            -0.84            -0.680423            0.00815249
            190            -0.68            -0.680421            0.00810947
            191            -0.76            -0.680838            0.00807765
            192            -0.6            -0.680417            0.00804649
            193            -0.6            -0.68            0.00801553
            194            -0.44            -0.678763            0.0080695
            195            -0.52            -0.677949            0.00806919
            196            -0.6            -0.677551            0.00803776
            197            -0.52            -0.676751            0.00803674
            198            -0.68            -0.676768            0.00799607
            199            -0.68            -0.676784            0.0079558
            200            -0.68            -0.6768            0.00791594
            201            -0.6            -0.676418            0.00788572
            202            -0.44            -0.675248            0.00793339
            203            -0.52            -0.674483            0.00793117
            204            -0.68            -0.67451            0.00789224
            205            -0.68            -0.674537            0.0078537
            206            -0.6            -0.674175            0.00782385
            207            -0.6            -0.673816            0.0077942
            208            -0.68            -0.673846            0.0077567
            209            -0.68            -0.673876            0.00771955
            210            -0.68            -0.673905            0.00768276
            211            -0.68            -0.673934            0.00764632
            212            -0.44            -0.67283            0.00768975
            213            -0.52            -0.672113            0.00768712
            214            -0.52            -0.671402            0.00768406
            215            -0.6            -0.67107            0.00765544
            216            -0.68            -0.671111            0.00762003
            217            -0.44            -0.670046            0.00765924
            218            -0.52            -0.669358            0.00765503
            219            -0.52            -0.668676            0.00765046
            220            -0.52            -0.668            0.00764553
            221            -0.52            -0.66733            0.00764026
            222            -0.6            -0.667027            0.00761181
            223            -0.6            -0.666726            0.00758356
            224            -0.68            -0.666786            0.00754986
            225            -0.44            -0.665778            0.00758352
            226            -0.52            -0.665133            0.00757739
            227            -0.6            -0.664846            0.00754939
            228            -0.68            -0.664912            0.0075165
            229            -0.68            -0.664978            0.00748389
            230            -0.76            -0.665391            0.00746273
            231            -0.68            -0.665455            0.00743062
            232            -0.76            -0.665862            0.00740974
            233            -0.76            -0.666266            0.00738892
            234            -0.76            -0.666667            0.00736818
            235            -0.76            -0.667064            0.0073475
            236            -0.6            -0.66678            0.00732181
            237            -0.6            -0.666498            0.0072963
            238            -0.6            -0.666218            0.00727095
            239            -0.68            -0.666276            0.00724069
            240            -0.68            -0.666333            0.00721068
            241            -0.68            -0.66639            0.00718093
            242            -0.76            -0.666777            0.00716164
            243            -0.76            -0.66716            0.00714242
            244            -0.52            -0.666557            0.00713861
            245            -0.6            -0.666286            0.0071146
            246            -0.6            -0.666016            0.00709075
            247            -0.76            -0.666397            0.00707222
            248            -0.68            -0.666452            0.00704386
            249            -0.76            -0.666827            0.00702557
            250            -0.84            -0.66752            0.00703161
            251            -0.76            -0.667888            0.00701323
            252            -0.76            -0.668254            0.0069949
            253            -0.84            -0.668933            0.00700019
            254            -0.84            -0.669606            0.00700503
            255            -0.68            -0.669647            0.00697762
            256            -0.68            -0.669688            0.00695043
            257            -0.68            -0.669728            0.00692345
            258            -0.76            -0.670078            0.00690543
            259            -0.84            -0.670734            0.00690993
            260            -0.84            -0.671385            0.00691402
            261            -0.84            -0.672031            0.00691771
            262            -0.76            -0.672366            0.00689943
            263            -0.68            -0.672395            0.00687321
            264            -0.76            -0.672727            0.00685516
            265            -0.76            -0.673057            0.00683718
            266            -0.68            -0.673083            0.00681148
            267            -0.6            -0.672809            0.00679144
            268            -0.68            -0.672836            0.0067661
            269            -0.84            -0.673457            0.00676949
            270            -0.68            -0.673481            0.00674441
            271            -0.76            -0.673801            0.00672706
            272            -0.76            -0.674118            0.00670977
            273            -0.68            -0.674139            0.00668518
            274            -0.6            -0.673869            0.00666623
            275            -0.52            -0.673309            0.00666547
            276            -0.52            -0.672754            0.00666447
            277            -0.44            -0.671913            0.00669332
            278            -0.52            -0.671367            0.00669155
            279            -0.6            -0.671111            0.00667242
            280            -0.52            -0.670571            0.00667042
            281            -0.76            -0.67089            0.00665425
            282            -0.76            -0.671206            0.00663814
            283            -0.52            -0.670671            0.00663618
            284            -0.6            -0.670423            0.00661746
            285            -0.68            -0.670456            0.00659428
            286            -0.68            -0.67049            0.00657127
            287            -0.68            -0.670523            0.00654842
            288            -0.68            -0.670556            0.00652572
            289            -0.68            -0.670588            0.00650319
            290            -0.68            -0.670621            0.0064808
            291            -0.68            -0.670653            0.00645857
            292            -0.76            -0.670959            0.00644369
            293            -0.68            -0.67099            0.00642173
            294            -0.6            -0.670748            0.00640441
            295            -0.76            -0.671051            0.00638983
            296            -0.68            -0.671081            0.00636827
            297            -0.76            -0.67138            0.00635385
            298            -0.68            -0.671409            0.00633256
            299            -0.68            -0.671438            0.00631141
            300            -0.6            -0.6712            0.00629484
            301            -0.6            -0.670963            0.00627835
            302            -0.52            -0.670464            0.00627746
            303            -0.44            -0.669703            0.00630277
            304            -0.6            -0.669474            0.00628619
            305            -0.6            -0.669246            0.00626969
            306            -0.52            -0.668758            0.00626817
            307            -0.6            -0.668534            0.00625173
            308            -0.76            -0.668831            0.00623847
            309            -0.68            -0.668867            0.00621835
            310            -0.6            -0.668645            0.00620224
            311            -0.52            -0.668167            0.00620072
            312            -0.6            -0.667949            0.00618467
            313            -0.6            -0.667732            0.0061687
            314            -0.6            -0.667516            0.0061528
            315            -0.68            -0.667556            0.00613337
            316            -0.68            -0.667595            0.00611406
            317            -0.76            -0.667886            0.0061017
            318            -0.68            -0.667925            0.00608261
            319            -0.68            -0.667962            0.00606363
            320            -0.68            -0.668            0.00604477
            321            -0.68            -0.668037            0.00602602
            322            -0.6            -0.667826            0.00601099
            323            -0.52            -0.667368            0.0060098
            324            -0.68            -0.667407            0.00599135
            325            -0.68            -0.667446            0.00597302
            326            -0.76            -0.66773            0.00596143
            327            -0.76            -0.668012            0.00594987
            328            -0.6            -0.667805            0.00593532
            329            -0.6            -0.667599            0.00592084
            330            -0.6            -0.667394            0.00590643
            331            -0.6            -0.66719            0.00589207
            332            -0.68            -0.667229            0.00587443
            333            -0.6            -0.667027            0.00586024
            334            -0.6            -0.666826            0.00584611
            335            -0.6            -0.666627            0.00583205
            336            -0.68            -0.666667            0.0058148
            337            -0.68            -0.666706            0.00579765
            338            -0.68            -0.666746            0.00578061
            339            -0.68            -0.666785            0.00576367
            340            -0.6            -0.666588            0.00575004
            341            -0.6            -0.666393            0.00573648
            342            -0.6            -0.666199            0.00572298
            343            -0.76            -0.666472            0.00571282
            344            -0.68            -0.666512            0.00569632
            345            -0.68            -0.666551            0.00567992
            346            -0.68            -0.66659            0.00566361
            347            -0.76            -0.666859            0.00565368
            348            -0.76            -0.667126            0.00564376
            349            -0.76            -0.667393            0.00563386
            350            -0.76            -0.667657            0.00562396
            351            -0.76            -0.66792            0.00561409
            352            -0.76            -0.668182            0.00560422
            353            -0.84            -0.668669            0.00560948
            354            -0.68            -0.668701            0.0055937
            355            -0.76            -0.668958            0.00558385
            356            -0.84            -0.669438            0.00558883
            357            -0.76            -0.669692            0.00557893
            358            -0.84            -0.670168            0.00558362
            359            -0.84            -0.670641            0.00558811
            360            -0.76            -0.670889            0.00557809
            361            -0.84            -0.671357            0.00558231
            362            -0.76            -0.671602            0.00557225
            363            -0.84            -0.672066            0.00557621
            364            -0.84            -0.672527            0.00557997
            365            -0.68            -0.672548            0.0055647
            366            -0.68            -0.672568            0.00554951
            367            -0.6            -0.672371            0.0055379
            368            -0.76            -0.672609            0.00552797
            369            -0.6            -0.672412            0.00551647
            370            -0.68            -0.672432            0.00550158
            371            -0.76            -0.672668            0.00549181
            372            -0.76            -0.672903            0.00548205
            373            -0.84            -0.673351            0.00548566
            374            -0.92            -0.674011            0.00551058
            375            -0.76            -0.67424            0.00550065
            376            -0.84            -0.674681            0.00550368
            377            -0.84            -0.675119            0.00550655
            378            -0.68            -0.675132            0.00549198
            379            -0.68            -0.675145            0.00547748
            380            -0.68            -0.675158            0.00546307
            381            -0.84            -0.675591            0.00546586
            382            -0.6            -0.675393            0.00545512
            383            -0.52            -0.674987            0.00545597
            384            -0.76            -0.675208            0.00544624
            385            -0.68            -0.675221            0.00543209
            386            -0.68            -0.675233            0.00541801
            387            -0.6            -0.675039            0.00540749
            388            -0.6            -0.674845            0.005397
            389            -0.6            -0.674653            0.00538655
            390            -0.6            -0.674462            0.00537613
            391            -0.6            -0.674271            0.00536574
            392            -0.52            -0.673878            0.00536649
            393            -0.52            -0.673486            0.00536711
            394            -0.52            -0.673096            0.00536763
            395            -0.44            -0.672506            0.00538645
            396            -0.6            -0.672323            0.00537595
            397            -0.68            -0.672343            0.00536242
            398            -0.52            -0.67196            0.00536261
            399            -0.6            -0.671779            0.00535219
            400            -0.68            -0.6718            0.00533883
            401            -0.68            -0.67182            0.00532554
            402            -0.52            -0.671443            0.00532569
            403            -0.68            -0.671464            0.0053125
            404            -0.68            -0.671485            0.00529937
            405            -0.68            -0.671506            0.00528631
            406            -0.68            -0.671527            0.00527332
            407            -0.52            -0.671155            0.00527351
            408            -0.68            -0.671176            0.00526061
            409            -0.6            -0.671002            0.00525062
            410            -0.68            -0.671024            0.00523784
            411            -0.6            -0.670852            0.00522794
            412            -0.68            -0.670874            0.00521528
            413            -0.68            -0.670896            0.00520268
            414            -0.76            -0.671111            0.00519456
            415            -0.84            -0.671518            0.00519799
            416            -0.76            -0.671731            0.00518984
            417            -0.84            -0.672134            0.00519308
            418            -0.76            -0.672344            0.0051849
            419            -0.76            -0.672554            0.00517674
            420            -0.84            -0.672952            0.00517977
            421            -0.84            -0.673349            0.00518266
            422            -0.76            -0.673555            0.00517444
            423            -0.76            -0.673759            0.00516624
            424            -0.84            -0.674151            0.00516893
            425            -0.76            -0.674353            0.00516071
            426            -0.68            -0.674366            0.00514859
            427            -0.6            -0.674192            0.00513947
            428            -0.6            -0.674019            0.00513038
            429            -0.76            -0.674219            0.00512233
            430            -0.68            -0.674233            0.00511042
            431            -0.68            -0.674246            0.00509857
            432            -0.76            -0.674444            0.00509063
            433            -0.52            -0.674088            0.00509136
            434            -0.76            -0.674286            0.00508348
            435            -0.76            -0.674483            0.0050756
            436            -0.76            -0.674679            0.00506774
            437            -0.68            -0.674691            0.00505615
            438            -0.68            -0.674703            0.00504461
            439            -0.68            -0.674715            0.00503312
            440            -0.76            -0.674909            0.0050254
            441            -0.6            -0.674739            0.00501687
            442            -0.6            -0.67457            0.00500836
            443            -0.68            -0.674582            0.00499706
            444            -0.76            -0.674775            0.0049895
            445            -0.84            -0.675146            0.00499211
            446            -0.68            -0.675157            0.00498091
            447            -0.68            -0.675168            0.00496977
            448            -0.68            -0.675179            0.00495867
            449            -0.6            -0.675011            0.00495045
            450            -0.68            -0.675022            0.00493945
            451            -0.76            -0.675211            0.00493209
            452            -0.68            -0.675221            0.00492117
            453            -0.76            -0.675408            0.00491386
            454            -0.68            -0.675419            0.00490304
            455            -0.84            -0.67578            0.0049056
            456            -0.76            -0.675965            0.00489832
            457            -0.84            -0.676324            0.00490075
            458            -0.76            -0.676507            0.00489345
            459            -0.68            -0.676514            0.00488278
            460            -0.68            -0.676522            0.00487216
            461            -0.6            -0.676356            0.00486442
            462            -0.6            -0.67619            0.00485669
            463            -0.6            -0.676026            0.00484898
            464            -0.68            -0.676034            0.00483853
            465            -0.84            -0.676387            0.00484097
            466            -0.6            -0.676223            0.00483335
            467            -0.76            -0.676403            0.00482632
            468            -0.68            -0.67641            0.00481601
            469            -0.6            -0.676247            0.00480849
            470            -0.52            -0.675915            0.00480975
            471            -0.52            -0.675584            0.00481093
            472            -0.52            -0.675254            0.00481203
            473            -0.76            -0.675433            0.00480518
            474            -0.76            -0.675612            0.00479835
            475            -0.6            -0.675453            0.00479089
            476            -0.68            -0.675462            0.00478082
            477            -0.68            -0.675472            0.0047708
            478            -0.6            -0.675314            0.00476342
            479            -0.6            -0.675157            0.00475607
            480            -0.6            -0.675            0.00474873
            481            -0.76            -0.675177            0.00474214
            482            -0.6            -0.675021            0.00473486
            483            -0.76            -0.675197            0.00472832
            484            -0.84            -0.675537            0.00473082
            485            -0.92            -0.676041            0.00474788
            486            -0.84            -0.676379            0.0047501
            487            -0.84            -0.676715            0.00475223
            488            -0.84            -0.677049            0.00475427
            489            -0.76            -0.677219            0.00474757
            490            -0.6            -0.677061            0.00474049
            491            -0.76            -0.67723            0.00473384
            492            -0.84            -0.677561            0.00473578
            493            -0.84            -0.67789            0.00473763
            494            -0.84            -0.678219            0.00473941
            495            -0.52            -0.677899            0.00474061
            496            -0.52            -0.677581            0.00474174
            497            -0.6            -0.677425            0.00473476
            498            -0.6            -0.677269            0.0047278
            499            -0.68            -0.677275            0.00471832
            500            -0.68            -0.67728            0.00470888
            501            -0.6            -0.677126            0.004702
            502            -0.6            -0.676972            0.00469514
            503            -0.68            -0.676978            0.0046858
            504            -0.6            -0.676825            0.00467899
            505            -0.6            -0.676673            0.00467219
            506            -0.68            -0.67668            0.00466295
            507            -0.52            -0.676371            0.004664
            508            -0.68            -0.676378            0.00465481
            509            -0.76            -0.676542            0.00464856
            510            -0.68            -0.676549            0.00463944
            511            -0.68            -0.676556            0.00463036
            512            -0.6            -0.676406            0.00462373
            513            -0.68            -0.676413            0.00461471
            514            -0.68            -0.67642            0.00460573
            515            -0.52            -0.676117            0.0046068
            516            -0.6            -0.675969            0.00460023
            517            -0.52            -0.675667            0.00460122
            518            -0.44            -0.675212            0.00461481
            519            -0.68            -0.675222            0.00460592
            520            -0.68            -0.675231            0.00459706
            521            -0.76            -0.675393            0.00459112
            522            -0.6            -0.675249            0.00458459
            523            -0.68            -0.675258            0.00457582
            524            -0.6            -0.675115            0.00456934
            525            -0.84            -0.675429            0.00457143
            526            -0.76            -0.675589            0.00456556
            527            -0.68            -0.675598            0.0045569
            528            -0.68            -0.675606            0.00454827
            529            -0.68            -0.675614            0.00453967
            530            -0.52            -0.675321            0.0045406
            531            -0.6            -0.675179            0.00453426
            532            -0.68            -0.675188            0.00452574
            533            -0.68            -0.675197            0.00451725
            534            -0.68            -0.675206            0.00450879
            535            -0.68            -0.675215            0.00450036
            536            -0.68            -0.675224            0.00449197
            537            -0.76            -0.675382            0.00448637
            538            -0.6            -0.675242            0.00448022
            539            -0.6            -0.675102            0.00447407
            540            -0.6            -0.674963            0.00446795
            541            -0.6            -0.674824            0.00446183
            542            -0.6            -0.674686            0.00445573
            543            -0.6            -0.674549            0.00444964
            544            -0.52            -0.674265            0.00445053
            545            -0.6            -0.674128            0.00444445
            546            -0.6            -0.673993            0.00443838
            547            -0.52            -0.673711            0.00443919
            548            -0.6            -0.673577            0.00443313
            549            -0.6            -0.673443            0.00442707
            550            -0.52            -0.673164            0.00442782
            551            -0.52            -0.672886            0.0044285
            552            -0.68            -0.672899            0.00442049
            553            -0.6            -0.672767            0.00441446
            554            -0.6            -0.672635            0.00440844
            555            -0.6            -0.672505            0.00440244
            556            -0.6            -0.672374            0.00439645
            557            -0.52            -0.672101            0.00439707
            558            -0.52            -0.671828            0.00439763
            559            -0.68            -0.671843            0.00438978
            560            -0.76            -0.672            0.00438477
            561            -0.76            -0.672157            0.00437975
            562            -0.68            -0.672171            0.00437197
            563            -0.76            -0.672327            0.00436699
            564            -0.68            -0.67234            0.00435926
            565            -0.68            -0.672354            0.00435156
            566            -0.6            -0.672226            0.00434575
            567            -0.6            -0.672099            0.00433994
            568            -0.52            -0.671831            0.00434056
            569            -0.68            -0.671845            0.00433295
            570            -0.52            -0.671579            0.00433354
            571            -0.44            -0.671173            0.00434491
            572            -0.52            -0.670909            0.00434536
            573            -0.68            -0.670925            0.0043378
            574            -0.6            -0.670801            0.00433199
            575            -0.68            -0.670817            0.00432448
            576            -0.76            -0.670972            0.00431974
            577            -0.68            -0.670988            0.00431228
            578            -0.68            -0.671003            0.00430484
            579            -0.6            -0.670881            0.00429915
            580            -0.68            -0.670897            0.00429176
            581            -0.52            -0.670637            0.00429223
            582            -0.6            -0.670515            0.00428657
            583            -0.76            -0.670669            0.00428196
            584            -0.76            -0.670822            0.00427736
            585            -0.68            -0.670838            0.00427007
            586            -0.6            -0.670717            0.00426449
            587            -0.68            -0.670733            0.00425725
            588            -0.68            -0.670748            0.00425003
            589            -0.68            -0.670764            0.00424284
            590            -0.76            -0.670915            0.00423834
            591            -0.6            -0.670795            0.00423286
            592            -0.76            -0.670946            0.00422839
            593            -0.76            -0.671096            0.00422393
            594            -0.76            -0.671246            0.00421947
            595            -0.84            -0.671529            0.00422191
            596            -0.68            -0.671544            0.00421484
            597            -0.68            -0.671558            0.0042078
            598            -0.6            -0.671438            0.00420246
            599            -0.6            -0.671319            0.00419713
            600            -0.6            -0.6712            0.00419182
            601            -0.6            -0.671082            0.00418651
            602            -0.68            -0.671096            0.00417958
            603            -0.68            -0.671111            0.00417267
            604            -0.68            -0.671126            0.00416578
            605            -0.84            -0.671405            0.00416825
            606            -0.84            -0.671683            0.00417065
            607            -0.76            -0.671829            0.00416632
            608            -0.68            -0.671842            0.00415948
            609            -0.68            -0.671856            0.00415267
            610            -0.6            -0.671738            0.00414753
            611            -0.6            -0.67162            0.0041424
            612            -0.68            -0.671634            0.00413564
            613            -0.84            -0.671909            0.00413802
            614            -0.68            -0.671922            0.00413129
            615            -0.68            -0.671935            0.00412459
            616            -0.76            -0.672078            0.00412037
            617            -0.68            -0.672091            0.00411371
            618            -0.68            -0.672104            0.00410707
            619            -0.6            -0.671987            0.00410208
            620            -0.68            -0.672            0.00409548
            621            -0.68            -0.672013            0.0040889
            622            -0.68            -0.672026            0.00408234
            623            -0.68            -0.672039            0.0040758
            624            -0.6            -0.671923            0.0040709
            625            -0.6            -0.671808            0.00406601
            626            -0.6            -0.671693            0.00406113
            627            -0.68            -0.671707            0.00405467
            628            -0.6            -0.671592            0.00404982
            629            -0.52            -0.671351            0.00405055
            630            -0.52            -0.671111            0.00405125
            631            -0.52            -0.670872            0.0040519
            632            -0.6            -0.670759            0.00404704
            633            -0.68            -0.670774            0.00404067
            634            -0.6            -0.670662            0.00403584
            635            -0.6            -0.670551            0.00403101
            636            -0.6            -0.67044            0.0040262
            637            -0.76            -0.670581            0.00402233
            638            -0.6            -0.67047            0.00401754
            639            -0.6            -0.67036            0.00401277
            640            -0.76            -0.6705            0.00400894
            641            -0.68            -0.670515            0.00400271
            642            -0.68            -0.67053            0.0039965
            643            -0.68            -0.670544            0.0039903
            644            -0.6            -0.670435            0.00398561
            645            -0.84            -0.670698            0.0039881
            646            -0.84            -0.67096            0.00399053
            647            -0.84            -0.671221            0.00399292
            648            -0.84            -0.671481            0.00399525
            649            -0.68            -0.671495            0.00398911
            650            -0.6            -0.671385            0.00398449
            651            -0.6            -0.671275            0.00397987
            652            -0.68            -0.671288            0.00397379
            653            -0.68            -0.671302            0.00396772
            654            -0.6            -0.671193            0.00396315
            655            -0.52            -0.670962            0.00396382
            656            -0.68            -0.670976            0.0039578
            657            -0.52            -0.670746            0.00395844
            658            -0.6            -0.670638            0.00395389
            659            -0.6            -0.670531            0.00394934
            660            -0.6            -0.670424            0.0039448
            661            -0.6            -0.670318            0.00394026
            662            -0.68            -0.670332            0.00393433
            663            -0.76            -0.670468            0.00393072
            664            -0.68            -0.670482            0.00392483
            665            -0.76            -0.670617            0.00392123
            666            -0.6            -0.670511            0.00391677
            667            -0.6            -0.670405            0.00391233
            668            -0.76            -0.670539            0.00390877
            669            -0.76            -0.670673            0.00390521
            670            -0.76            -0.670806            0.00390165
            671            -0.76            -0.670939            0.0038981
            672            -0.68            -0.670952            0.00389232
            673            -0.76            -0.671085            0.00388878
            674            -0.52            -0.670861            0.00388948
            675            -0.6            -0.670756            0.00388513
            676            -0.76            -0.670888            0.00388162
            677            -0.76            -0.671019            0.00387812
            678            -0.84            -0.671268            0.00388041
            679            -0.76            -0.671399            0.00387689
            680            -0.68            -0.671412            0.00387121
            681            -0.76            -0.671542            0.00386771
            682            -0.68            -0.671554            0.00386205
            683            -0.52            -0.671332            0.00386277
            684            -0.28            -0.67076            0.00389932
            685            -0.6            -0.670657            0.00389499
            686            -0.68            -0.670671            0.00388933
            687            -0.76            -0.670801            0.00388584
            688            -0.68            -0.670814            0.00388022
            689            -0.68            -0.670827            0.0038746
            690            -0.6            -0.670725            0.00387035
            691            -0.6            -0.670622            0.00386609
            692            -0.6            -0.67052            0.00386185
            693            -0.52            -0.670303            0.00386239
            694            -0.6            -0.670202            0.00385815
            695            -0.68            -0.670216            0.00385262
            696            -0.76            -0.670345            0.00384924
            697            -0.68            -0.670359            0.00384374
            698            -0.6            -0.670258            0.00383955
            699            -0.76            -0.670386            0.00383621
            700            -0.68            -0.6704            0.00383075
            701            -0.84            -0.670642            0.00383292
            702            -0.52            -0.670427            0.00383347
            703            -0.68            -0.670441            0.00382803
            704            -0.76            -0.670568            0.00382471
            705            -0.76            -0.670695            0.00382139
            706            -0.76            -0.670822            0.00381807
            707            -0.76            -0.670948            0.00381475
            708            -0.68            -0.67096            0.00380938
            709            -0.6            -0.67086            0.00380532
            710            -0.76            -0.670986            0.00380203
            711            -0.6            -0.670886            0.00379799
            712            -0.68            -0.670899            0.00379267
            713            -0.84            -0.671136            0.00379477
            714            -0.84            -0.671373            0.00379682
            715            -0.68            -0.671385            0.00379153
            716            -0.76            -0.671508            0.00378825
            717            -0.76            -0.671632            0.00378498
            718            -0.68            -0.671643            0.00377972
            719            -0.68            -0.671655            0.00377448
            720            -0.68            -0.671667            0.00376925
            721            -0.68            -0.671678            0.00376403
            722            -0.68            -0.67169            0.00375884
            723            -0.76            -0.671812            0.00375562
            724            -0.68            -0.671823            0.00375045
            725            -0.68            -0.671834            0.00374529
            726            -0.6            -0.671736            0.00374143
            727            -0.68            -0.671747            0.0037363
            728            -0.68            -0.671758            0.00373118
            729            -0.52            -0.67155            0.00373187
            730            -0.6            -0.671452            0.00372804
            731            -0.68            -0.671464            0.00372296
            732            -0.68            -0.671475            0.00371789
            733            -0.68            -0.671487            0.00371283
            734            -0.68            -0.671499            0.00370779
            735            -0.76            -0.671619            0.00370469
            736            -0.6            -0.671522            0.00370094
            737            -0.68            -0.671533            0.00369593
            738            -0.76            -0.671653            0.00369287
            739            -0.68            -0.671664            0.00368788
            740            -0.68            -0.671676            0.00368291
            741            -0.76            -0.671795            0.00367987
            742            -0.76            -0.671914            0.00367683
            743            -0.6            -0.671817            0.00367315
            744            -0.76            -0.671935            0.00367013
            745            -0.76            -0.672054            0.0036671
            746            -0.76            -0.672172            0.00366408
            747            -0.68            -0.672182            0.00365919
            748            -0.68            -0.672193            0.00365431
            749            -0.76            -0.67231            0.00365131
            750            -0.68            -0.67232            0.00364645
            751            -0.76            -0.672437            0.00364346
            752            -0.68            -0.672447            0.00363863
            753            -0.44            -0.672138            0.00364688
            754            -0.52            -0.671936            0.00364763
            755            -0.52            -0.671735            0.00364835
            756            -0.6            -0.67164            0.00364475
            757            -0.6            -0.671546            0.00364116
            758            -0.68            -0.671557            0.00363637
            759            -0.6            -0.671462            0.0036328
            760            -0.68            -0.671474            0.00362804
            761            -0.68            -0.671485            0.00362328
            762            -0.76            -0.671601            0.00362039
            763            -0.76            -0.671717            0.0036175
            764            -0.6            -0.671623            0.00361398
            765            -0.76            -0.671739            0.0036111
            766            -0.68            -0.671749            0.0036064
            767            -0.84            -0.671969            0.00360837
            768            -0.84            -0.672188            0.0036103
            769            -0.84            -0.672406            0.0036122
            770            -0.84            -0.672623            0.00361407
            771            -0.84            -0.67284            0.0036159
            772            -0.76            -0.672953            0.00361298
            773            -0.76            -0.673066            0.00361006
            774            -0.76            -0.673178            0.00360714
            775            -0.76            -0.67329            0.00360422
            776            -0.84            -0.673505            0.00360598
            777            -0.84            -0.673719            0.00360771
            778            -0.76            -0.67383            0.00360477
            779            -0.76            -0.673941            0.00360184
            780            -0.84            -0.674154            0.00360352
            781            -0.76            -0.674264            0.00360058
            782            -0.68            -0.674271            0.00359598
            783            -0.6            -0.674176            0.00359263
            784            -0.76            -0.674286            0.00358972
            785            -0.76            -0.674395            0.0035868
            786            -0.6            -0.6743            0.00358349
            787            -0.84            -0.674511            0.00358512
            788            -0.84            -0.674721            0.00358672
            789            -0.84            -0.67493            0.00358829
            790            -0.68            -0.674937            0.00358375
            791            -0.68            -0.674943            0.00357922
            792            -0.52            -0.674747            0.00358005
            793            -0.52            -0.674552            0.00358086
            794            -0.68            -0.674559            0.00357635
            795            -0.76            -0.674667            0.00357346
            796            -0.76            -0.674774            0.00357058
            797            -0.76            -0.674881            0.0035677
            798            -0.68            -0.674887            0.00356323
            799            -0.68            -0.674894            0.00355878
            800            -0.68            -0.6749            0.00355433
            801            -0.68            -0.674906            0.0035499
            802            -0.68            -0.674913            0.00354547
            803            -0.68            -0.674919            0.00354106
            804            -0.68            -0.674925            0.00353666
            805            -0.68            -0.674932            0.00353227
            806            -0.76            -0.675037            0.00352946
            807            -0.6            -0.674944            0.00352631
            808            -0.68            -0.67495            0.00352195
            809            -0.52            -0.674759            0.00352281
            810            -0.52            -0.674568            0.00352364
            811            -0.68            -0.674575            0.0035193
            812            -0.44            -0.674286            0.00352681
            813            -0.52            -0.674096            0.00352758
            814            -0.6            -0.674005            0.00352442
            815            -0.6            -0.673914            0.00352126
            816            -0.6            -0.673824            0.00351811
            817            -0.68            -0.673831            0.00351381
            818            -0.6            -0.673741            0.00351067
            819            -0.6            -0.673651            0.00350754
            820            -0.52            -0.673463            0.00350827
            821            -0.6            -0.673374            0.00350513
            822            -0.36            -0.672993            0.00352156
            823            -0.6            -0.672904            0.0035184
            824            -0.6            -0.672816            0.00351524
            825            -0.84            -0.673018            0.00351682
            826            -0.84            -0.67322            0.00351837
            827            -0.84            -0.673422            0.0035199
            828            -0.76            -0.673527            0.0035172
            829            -0.76            -0.673631            0.0035145
            830            -0.84            -0.673831            0.00351598
            831            -0.76            -0.673935            0.00351328
            832            -0.84            -0.674135            0.00351473
            833            -0.92            -0.67443            0.00352289
            834            -0.76            -0.674532            0.00352016
            835            -0.76            -0.674635            0.00351743
            836            -0.76            -0.674737            0.00351471
            837            -0.76            -0.674839            0.00351198
            838            -0.76            -0.67494            0.00350926
            839            -0.68            -0.674946            0.00350508
            840            -0.68            -0.674952            0.00350091
            841            -0.68            -0.674958            0.00349675
            842            -0.52            -0.674774            0.00349744
            843            -0.36            -0.674401            0.00351319
            844            -0.52            -0.674218            0.00351379
            845            -0.6            -0.67413            0.00351073
            846            -0.68            -0.674137            0.00350658
            847            -0.68            -0.674144            0.00350245
            848            -0.68            -0.674151            0.00349832
            849            -0.68            -0.674158            0.0034942
            850            -0.68            -0.674165            0.0034901
            851            -0.68            -0.674172            0.003486
            852            -0.6            -0.674085            0.00348299
            853            -0.36            -0.673716            0.00349834
            854            -0.52            -0.673536            0.00349887
            855            -0.44            -0.673263            0.00350544
            856            -0.52            -0.673084            0.00350591
            857            -0.6            -0.672999            0.00350286
            858            -0.6            -0.672914            0.00349981
            859            -0.68            -0.672922            0.00349574
            860            -0.68            -0.67293            0.00349168
            861            -0.76            -0.673031            0.00348909
            862            -0.76            -0.673132            0.0034865
            863            -0.68            -0.67314            0.00348247
            864            -0.68            -0.673148            0.00347845
            865            -0.76            -0.673249            0.00347587
            866            -0.6            -0.673164            0.00347289
            867            -0.68            -0.673172            0.00346889
            868            -0.68            -0.67318            0.0034649
            869            -0.76            -0.67328            0.00346235
            870            -0.76            -0.673379            0.0034598
            871            -0.84            -0.673571            0.00346112
            872            -0.76            -0.67367            0.00345857
            873            -0.92            -0.673952            0.00346611
            874            -0.76            -0.67405            0.00346354
            875            -0.84            -0.67424            0.00346478
            876            -0.68            -0.674247            0.00346082
            877            -0.68            -0.674253            0.00345688
            878            -0.6            -0.674169            0.00345398
            879            -0.76            -0.674266            0.00345143
            880            -0.76            -0.674364            0.00344888
            881            -0.76            -0.674461            0.00344633
            882            -0.6            -0.674376            0.00344346
            883            -0.84            -0.674564            0.00344467
            884            -0.84            -0.674751            0.00344585
            885            -0.84            -0.674938            0.00344702
            886            -0.68            -0.674944            0.00344313
            887            -0.68            -0.674949            0.00343925
            888            -0.76            -0.675045            0.00343671
            889            -0.68            -0.675051            0.00343285
            890            -0.76            -0.675146            0.00343032
            891            -0.84            -0.675331            0.00343146
            892            -0.84            -0.675516            0.00343258
            893            -0.84            -0.6757            0.00343367
            894            -0.76            -0.675794            0.00343113
            895            -0.76            -0.675888            0.00342858
            896            -0.84            -0.676071            0.00342965
            897            -0.76            -0.676165            0.0034271
            898            -0.6            -0.67608            0.00342433
            899            -0.76            -0.676174            0.00342179
            900            -0.76            -0.676267            0.00341926
            901            -0.76            -0.67636            0.00341673
            902            -0.76            -0.676452            0.0034142
            903            -0.52            -0.676279            0.00341481
            904            -0.68            -0.676283            0.00341103
            905            -0.84            -0.676464            0.00341206
            906            -0.84            -0.676645            0.00341307
            907            -0.84            -0.676825            0.00341406
            908            -0.68            -0.676828            0.0034103
            909            -0.68            -0.676832            0.00340655
            910            -0.68            -0.676835            0.0034028
            911            -0.76            -0.676926            0.00340029
            912            -0.68            -0.67693            0.00339656
            913            -0.68            -0.676933            0.00339284
            914            -0.52            -0.676761            0.00339347
            915            -0.68            -0.676765            0.00338976
            916            -0.68            -0.676769            0.00338606
            917            -0.68            -0.676772            0.00338237
            918            -0.68            -0.676776            0.00337869
            919            -0.6            -0.676692            0.00337604
            920            -0.44            -0.676435            0.00338217
            921            -0.52            -0.676265            0.00338276
            922            -0.44            -0.676009            0.00338879
            923            -0.68            -0.676013            0.00338512
            924            -0.6            -0.675931            0.00338246
            925            -0.68            -0.675935            0.0033788
            926            -0.68            -0.67594            0.00337515
            927            -0.76            -0.67603            0.00337273
            928            -0.68            -0.676034            0.0033691
            929            -0.68            -0.676039            0.00336547
            930            -0.6            -0.675957            0.00336284
            931            -0.68            -0.675961            0.00335923
            932            -0.76            -0.676052            0.00335684
            933            -0.84            -0.676227            0.00335784
            934            -0.76            -0.676317            0.00335544
            935            -0.84            -0.676492            0.00335642
            936            -0.84            -0.676667            0.00335738
            937            -0.6            -0.676585            0.00335479
            938            -0.68            -0.676588            0.00335122
            939            -0.6            -0.676507            0.00334864
            940            -0.76            -0.676596            0.00334625
            941            -0.76            -0.676684            0.00334387
            942            -0.84            -0.676858            0.00334481
            943            -0.76            -0.676946            0.00334243
            944            -0.76            -0.677034            0.00334005
            945            -0.76            -0.677122            0.00333766
            946            -0.84            -0.677294            0.00333858
            947            -0.6            -0.677212            0.00333605
            948            -0.76            -0.6773            0.00333367
            949            -0.76            -0.677387            0.0033313
            950            -0.76            -0.677474            0.00332892
            951            -0.76            -0.67756            0.00332655
            952            -0.76            -0.677647            0.00332419
            953            -0.6            -0.677566            0.0033217
            954            -0.52            -0.6774            0.00332232
            955            -0.6            -0.677319            0.00331983
            956            -0.52            -0.677155            0.00332043
            957            -0.6            -0.677074            0.00331794
            958            -0.52            -0.67691            0.00331853
            959            -0.6            -0.67683            0.00331604
            960            -0.6            -0.67675            0.00331355
            961            -0.68            -0.676753            0.0033101
            962            -0.6            -0.676674            0.00330762
            963            -0.6            -0.676594            0.00330514
            964            -0.6            -0.676515            0.00330267
            965            -0.52            -0.676352            0.00330323
            966            -0.52            -0.67619            0.00330377
            967            -0.52            -0.676029            0.00330431
            968            -0.6            -0.67595            0.00330182
            969            -0.52            -0.675789            0.00330234
            970            -0.52            -0.675629            0.00330284
            971            -0.44            -0.675386            0.00330835
            972            -0.52            -0.675226            0.00330881
            973            -0.6            -0.675149            0.00330631
            974            -0.52            -0.67499            0.00330675
            975            -0.68            -0.674995            0.00330336
            976            -0.6            -0.674918            0.00330087
            977            -0.6            -0.674841            0.00329838
            978            -0.68            -0.674847            0.00329501
            979            -0.68            -0.674852            0.00329165
            980            -0.6            -0.674776            0.00328918
            981            -0.6            -0.674699            0.0032867
            982            -0.52            -0.674542            0.00328713
            983            -0.6            -0.674466            0.00328466
            984            -0.68            -0.674472            0.00328133
            985            -0.68            -0.674477            0.003278
            986            -0.76            -0.674564            0.00327582
            987            -0.76            -0.67465            0.00327365
            988            -0.84            -0.674818            0.00327461
            989            -0.68            -0.674823            0.0032713
            990            -0.76            -0.674909            0.00326913
            991            -0.6            -0.674834            0.0032667
            992            -0.6            -0.674758            0.00326428
            993            -0.52            -0.674602            0.00326471
            994            -0.68            -0.674608            0.00326143
            995            -0.68            -0.674613            0.00325816
            996            -0.68            -0.674618            0.00325489
            997            -0.68            -0.674624            0.00325163
            998            -0.76            -0.674709            0.00324949
            999            -0.68            -0.674715            0.00324624
            1000            -0.84            -0.67488            0.0032472
