            1            -0.2            -0.2            0
            2            -0.36            -0.28            0.08
            3            -0.52            -0.36            0.092376
            4            -0.44            -0.38            0.068313
            5            -0.52            -0.408            0.0598665
            6            -0.44            -0.413333            0.0491709
            7            -0.36            -0.405714            0.0422497
            8            -0.52            -0.42            0.0392792
            9            -0.6            -0.44            0.04
            10            -0.44            -0.44            0.0357771
            11            -0.52            -0.447273            0.0331687
            12            -0.44            -0.446667            0.0302848
            13            -0.68            -0.464615            0.0331395
            14            -0.68            -0.48            0.0343223
            15            -0.68            -0.493333            0.0346227
            16            -0.52            -0.495            0.0324294
            17            -0.44            -0.491765            0.0306335
            18            -0.52            -0.493333            0.0289241
            19            -0.52            -0.494737            0.0273954
            20            -0.44            -0.492            0.0261333
            21            -0.52            -0.493333            0.0248934
            22            -0.52            -0.494545            0.0237659
            23            -0.52            -0.495652            0.022736
            24            -0.36            -0.49            0.0224899
            25            -0.6            -0.4944            0.0220158
            26            -0.52            -0.495385            0.021175
            27            -0.52            -0.496296            0.020396
            28            -0.44            -0.494286            0.0197566
            29            -0.6            -0.497931            0.0194086
            30            -0.36            -0.493333            0.019306
            31            -0.36            -0.489032            0.0191618
            32            -0.2            -0.48            0.0206351
            33            -0.36            -0.476364            0.0203279
            34            -0.12            -0.465882            0.0223332
            35            -0.36            -0.462857            0.0218957
            36            -0.44            -0.462222            0.0212883
            37            -0.6            -0.465946            0.0210371
            38            -0.44            -0.465263            0.0204874
            39            -0.6            -0.468718            0.0202521
            40            -0.36            -0.466            0.0199255
            41            -0.44            -0.465366            0.0194438
            42            -0.52            -0.466667            0.0190197
            43            -0.6            -0.469767            0.0188292
            44            -0.52            -0.470909            0.0184317
            45            -0.36            -0.468444            0.0181852
            46            -0.6            -0.471304            0.018014
            47            -0.6            -0.474043            0.0178379
            48            -0.52            -0.475            0.0174886
            49            -0.36            -0.472653            0.017288
            50            -0.44            -0.472            0.0169513
            51            -0.6            -0.47451            0.0168041
            52            -0.52            -0.475385            0.016501
            53            -0.36            -0.473208            0.0163324
            54            -0.28            -0.46963            0.0164216
            55            -0.36            -0.467636            0.016243
            56            -0.36            -0.465714            0.0160657
            57            -0.36            -0.46386            0.01589
            58            -0.44            -0.463448            0.015619
            59            -0.36            -0.461695            0.0154518
            60            -0.52            -0.462667            0.0152231
            61            -0.36            -0.460984            0.0150658
            62            -0.36            -0.459355            0.01491
            63            -0.44            -0.459048            0.0146747
            64            -0.36            -0.4575            0.0145262
            65            -0.52            -0.458462            0.0143333
            66            -0.2            -0.454545            0.0146477
            67            -0.44            -0.454328            0.014429
            68            -0.28            -0.451765            0.0144446
            69            -0.28            -0.449275            0.0144497
            70            -0.52            -0.450286            0.0142776
            71            -0.52            -0.451268            0.0141093
            72            -0.36            -0.45            0.0139696
            73            -0.6            -0.452055            0.0139293
            74            -0.52            -0.452973            0.0137704
            75            -0.6            -0.454933            0.0137262
            76            -0.52            -0.455789            0.0135715
            77            -0.44            -0.455584            0.0133956
            78            -0.6            -0.457436            0.0133518
            79            -0.52            -0.458228            0.0132054
            80            -0.52            -0.459            0.0130622
            81            -0.6            -0.460741            0.0130168
            82            -0.52            -0.461463            0.0128774
            83            -0.6            -0.463133            0.0128303
            84            -0.52            -0.46381            0.0126947
            85            -0.28            -0.461647            0.0127295
            86            -0.68            -0.464186            0.0128343
            87            -0.68            -0.466667            0.0129262
            88            -0.44            -0.466364            0.012782
            89            -0.52            -0.466966            0.0126519
            90            -0.28            -0.464889            0.0126819
            91            -0.52            -0.465495            0.0125564
            92            -0.52            -0.466087            0.0124332
            93            -0.44            -0.465806            0.012302
            94            -0.36            -0.464681            0.0122224
            95            -0.6            -0.466105            0.0121767
            96            -0.52            -0.466667            0.0120622
            97            -0.52            -0.467216            0.0119499
            98            -0.52            -0.467755            0.0118396
            99            -0.44            -0.467475            0.0117227
            100            -0.6            -0.4688            0.0116803
            101            -0.6            -0.470099            0.0116368
            102            -0.6            -0.471373            0.0115923
            103            -0.44            -0.471068            0.0114833
            104            -0.28            -0.469231            0.0115198
            105            -0.52            -0.469714            0.0114198
            106            -0.52            -0.470189            0.0113215
            107            -0.6            -0.471402            0.0112806
            108            -0.52            -0.471852            0.0111847
            109            -0.52            -0.472294            0.0110904
            110            -0.52            -0.472727            0.0109977
            111            -0.52            -0.473153            0.0109065
            112            -0.52            -0.473571            0.0108168
            113            -0.52            -0.473982            0.0107285
            114            -0.36            -0.472982            0.0106809
            115            -0.28            -0.471304            0.0107197
            116            -0.2            -0.468966            0.0108812
            117            -0.36            -0.468034            0.010828
            118            -0.44            -0.467797            0.0107384
            119            -0.36            -0.466891            0.0106863
            120            -0.44            -0.466667            0.0105992
            121            -0.44            -0.466446            0.0105136
            122            -0.2            -0.464262            0.0106533
            123            -0.68            -0.466016            0.0107109
            124            -0.52            -0.466452            0.0106331
            125            -0.44            -0.46624            0.0105498
            126            -0.28            -0.464762            0.0105696
            127            -0.44            -0.464567            0.0104879
            128            -0.28            -0.463125            0.0105051
            129            -0.2            -0.461085            0.010621
            130            -0.36            -0.460308            0.0105676
            131            -0.2            -0.458321            0.0106733
            132            -0.28            -0.45697            0.0106779
            133            -0.44            -0.456842            0.0105981
            134            -0.2            -0.454925            0.0106919
            135            -0.6            -0.456            0.0106667
            136            -0.44            -0.455882            0.0105886
            137            -0.36            -0.455182            0.0105343
            138            -0.44            -0.455072            0.0104583
            139            -0.52            -0.45554            0.0103933
            140            -0.36            -0.454857            0.0103413
            141            -0.52            -0.455319            0.0102781
            142            -0.52            -0.455775            0.0102156
            143            -0.28            -0.454545            0.0102181
            144            -0.36            -0.453889            0.0101681
            145            -0.6            -0.454897            0.0101479
            146            -0.6            -0.45589            0.010127
            147            -0.6            -0.456871            0.0101056
            148            -0.68            -0.458378            0.0101497
            149            -0.36            -0.457718            0.0101029
            150            -0.52            -0.458133            0.0100439
            151            -0.44            -0.458013            0.00997791
            152            -0.6            -0.458947            0.00995597
            153            -0.52            -0.459346            0.00989873
            154            -0.28            -0.458182            0.00990296
            155            -0.28            -0.457032            0.00990579
            156            -0.52            -0.457436            0.00985036
            157            -0.44            -0.457325            0.00978805
            158            -0.52            -0.457722            0.00973398
            159            -0.52            -0.458113            0.0096805
            160            -0.36            -0.4575            0.00963933
            161            -0.52            -0.457888            0.00958713
            162            -0.36            -0.457284            0.00954691
            163            -0.28            -0.456196            0.00955029
            164            -0.6            -0.457073            0.0095323
            165            -0.6            -0.457939            0.00951387
            166            -0.36            -0.457349            0.00947477
            167            -0.44            -0.457246            0.00941843
            168            -0.44            -0.457143            0.00936277
            169            -0.44            -0.457041            0.00930775
            170            -0.44            -0.456941            0.00925338
            171            -0.44            -0.456842            0.00919964
            172            -0.76            -0.458605            0.00931429
            173            -0.68            -0.459884            0.0093483
            174            -0.68            -0.461149            0.00938011
            175            -0.76            -0.462857            0.00948142
            176            -0.44            -0.462727            0.00942829
            177            -0.28            -0.461695            0.00943154
            178            -0.36            -0.461124            0.00939579
            179            -0.44            -0.461006            0.00934389
            180            -0.44            -0.460889            0.00929257
            181            -0.52            -0.461215            0.00924686
            182            -0.28            -0.46022            0.00924966
            183            -0.44            -0.460109            0.00919964
            184            -0.36            -0.459565            0.00916567
            185            -0.44            -0.459459            0.0091166
            186            -0.04            -0.457204            0.00934369
            187            -0.36            -0.456684            0.00930811
            188            -0.52            -0.457021            0.00926459
            189            -0.6            -0.457778            0.00924644
            190            -0.36            -0.457263            0.00921203
            191            -0.52            -0.457592            0.00916956
            192            -0.28            -0.456667            0.00916845
            193            -0.28            -0.455751            0.00916664
            194            -0.28            -0.454845            0.00916416
            195            -0.52            -0.455179            0.00912316
            196            -0.36            -0.454694            0.00908948
            197            -0.2            -0.453401            0.00913517
            198            -0.52            -0.453737            0.00909514
            199            -0.52            -0.45407            0.00905544
            200            -0.6            -0.4548            0.00903954
            201            -0.52            -0.455124            0.00900031
            202            -0.28            -0.454257            0.0089975
            203            -0.44            -0.454187            0.00895335
            204            -0.52            -0.45451            0.00891519
            205            -0.6            -0.45522            0.00889994
            206            -0.52            -0.455534            0.00886221
            207            -0.36            -0.455072            0.00883136
            208            -0.28            -0.454231            0.00882901
            209            -0.52            -0.454545            0.0087923
            210            -0.44            -0.454476            0.0087506
            211            -0.44            -0.454408            0.0087093
            212            -0.36            -0.453962            0.00867956
            213            -0.52            -0.454272            0.00864427
            214            -0.68            -0.455327            0.0086682
            215            -0.6            -0.456            0.00865399
            216            -0.68            -0.457037            0.00867603
            217            -0.44            -0.456959            0.00863632
            218            -0.44            -0.456881            0.00859696
            219            -0.36            -0.456438            0.00856904
            220            -0.44            -0.456364            0.00853033
            221            -0.52            -0.456652            0.00849652
            222            -0.52            -0.456937            0.00846298
            223            -0.6            -0.457578            0.00844933
            224            -0.36            -0.457143            0.0084228
            225            -0.28            -0.456356            0.00842216
            226            -0.28            -0.455575            0.00842104
            227            -0.2            -0.454449            0.00845912
            228            -0.36            -0.454035            0.00843212
            229            -0.44            -0.453974            0.00839544
            230            -0.52            -0.454261            0.00836379
            231            -0.52            -0.454545            0.00833237
            232            -0.44            -0.454483            0.00829661
            233            -0.68            -0.455451            0.00831743
            234            -0.52            -0.455726            0.00828641
            235            -0.44            -0.45566            0.00825134
            236            -0.36            -0.455254            0.00822629
            237            -0.36            -0.454852            0.00820136
            238            -0.52            -0.455126            0.00817142
            239            -0.44            -0.455063            0.0081374
            240            -0.28            -0.454333            0.00813619
            241            -0.28            -0.45361            0.00813459
            242            -0.44            -0.453554            0.0081011
            243            -0.28            -0.45284            0.00809924
            244            -0.44            -0.452787            0.00806615
            245            -0.52            -0.453061            0.00803785
            246            -0.44            -0.453008            0.00800528
            247            -0.44            -0.452955            0.00797298
            248            -0.36            -0.452581            0.00794961
            249            -0.52            -0.452851            0.00792224
            250            -0.52            -0.45312            0.00789506
            251            -0.6            -0.453705            0.00788529
            252            -0.6            -0.454286            0.00787536
            253            -0.6            -0.454862            0.00786529
            254            -0.52            -0.455118            0.00783846
            255            -0.36            -0.454745            0.00781656
            256            -0.44            -0.454687            0.00778618
            257            -0.6            -0.455253            0.00777641
            258            -0.36            -0.454884            0.007755
            259            -0.52            -0.455135            0.00772909
            260            -0.52            -0.455385            0.00770335
            261            -0.6            -0.455939            0.00769375
            262            -0.6            -0.456489            0.00768403
            263            -0.44            -0.456426            0.00765502
            264            -0.28            -0.455758            0.00765519
            265            -0.44            -0.455698            0.00762648
            266            -0.52            -0.45594            0.0076016
            267            -0.12            -0.454682            0.00767688
            268            -0.28            -0.45403            0.00767591
            269            -0.44            -0.453978            0.0076475
            270            -0.6            -0.454519            0.00763829
            271            -0.28            -0.453875            0.00763725
            272            -0.36            -0.453529            0.00761694
            273            -0.52            -0.453773            0.0075929
            274            -0.44            -0.453723            0.0075653
            275            -0.44            -0.453673            0.00753791
            276            -0.52            -0.453913            0.00751439
            277            -0.36            -0.453574            0.00749489
            278            -0.28            -0.45295            0.00749393
            279            -0.36            -0.452616            0.00747445
            280            -0.28            -0.452            0.00747318
            281            -0.52            -0.452242            0.00745047
            282            -0.6            -0.452766            0.00744247
            283            -0.52            -0.453004            0.00741993
            284            -0.52            -0.453239            0.00739752
            285            -0.44            -0.453193            0.00737166
            286            -0.28            -0.452587            0.00737076
            287            -0.44            -0.452544            0.00734517
            288            -0.52            -0.452778            0.00732336
            289            -0.44            -0.452734            0.00729811
            290            -0.36            -0.452414            0.00727993
            291            -0.36            -0.452096            0.00726182
            292            -0.28            -0.451507            0.00726086
            293            -0.44            -0.451468            0.00723615
            294            -0.28            -0.450884            0.00723504
            295            -0.6            -0.45139            0.00722817
            296            -0.52            -0.451622            0.00720743
            297            -0.36            -0.451313            0.00718975
            298            -0.36            -0.451007            0.00717213
            299            -0.44            -0.45097            0.0071482
            300            -0.44            -0.450933            0.00712442
            301            -0.52            -0.451163            0.00710442
            302            -0.44            -0.451126            0.00708095
            303            -0.36            -0.450825            0.00706395
            304            -0.36            -0.450526            0.00704701
            305            -0.52            -0.450754            0.00702756
            306            -0.36            -0.450458            0.00701083
            307            -0.44            -0.450423            0.00698804
            308            -0.52            -0.450649            0.00696898
            309            -0.44            -0.450615            0.00694647
            310            -0.36            -0.450323            0.0069302
            311            -0.44            -0.450289            0.00690796
            312            -0.6            -0.450769            0.00690248
            313            -0.44            -0.450735            0.00688048
            314            -0.52            -0.450955            0.00686208
            315            -0.28            -0.450413            0.00686175
            316            -0.44            -0.45038            0.00684009
            317            -0.44            -0.450347            0.00681855
            318            -0.52            -0.450566            0.0068006
            319            -0.68            -0.451285            0.0068173
            320            -0.52            -0.4515            0.00679935
            321            -0.44            -0.451464            0.00677823
            322            -0.52            -0.451677            0.0067605
            323            -0.36            -0.451393            0.00674551
            324            -0.6            -0.451852            0.00674028
            325            -0.68            -0.452554            0.00675608
            326            -0.6            -0.453006            0.00675049
            327            -0.6            -0.453456            0.00674482
            328            -0.52            -0.453659            0.00672728
            329            -0.52            -0.45386            0.00670983
            330            -0.68            -0.454545            0.00672448
            331            -0.68            -0.455227            0.00673864
            332            -0.44            -0.455181            0.00671847
            333            -0.44            -0.455135            0.00669842
            334            -0.2            -0.454371            0.00672188
            335            -0.36            -0.45409            0.0067077
            336            -0.12            -0.453095            0.00676122
            337            -0.36            -0.452819            0.00674679
            338            -0.6            -0.453254            0.00674088
            339            -0.52            -0.453451            0.00672384
            340            -0.52            -0.453647            0.0067069
            341            -0.6            -0.454076            0.00670096
            342            -0.52            -0.454269            0.00668412
            343            -0.52            -0.454461            0.00666735
            344            -0.6            -0.454884            0.00666139
            345            -0.36            -0.454609            0.00664775
            346            -0.44            -0.454566            0.00662864
            347            -0.52            -0.454755            0.0066122
            348            -0.12            -0.453793            0.00666298
            349            -0.52            -0.453983            0.00664656
            350            -0.44            -0.453943            0.00662767
            351            -0.36            -0.453675            0.00661418
            352            -0.6            -0.454091            0.00660845
            353            -0.68            -0.454731            0.0066207
            354            -0.52            -0.454915            0.00660455
            355            -0.52            -0.455099            0.00658847
            356            -0.6            -0.455506            0.00658253
            357            -0.52            -0.455686            0.00656655
            358            -0.44            -0.455642            0.00654833
            359            -0.6            -0.456045            0.00654243
            360            -0.6            -0.456444            0.00653648
            361            -0.6            -0.456842            0.00653046
            362            -0.6            -0.457238            0.0065244
            363            -0.52            -0.45741            0.00650869
            364            -0.6            -0.457802            0.0065026
            365            -0.6            -0.458192            0.00649645
            366            -0.44            -0.458142            0.00647887
            367            -0.36            -0.457875            0.00646672
            368            -0.52            -0.458043            0.00645133
            369            -0.44            -0.457995            0.00643401
            370            -0.6            -0.458378            0.00642807
            371            -0.6            -0.45876            0.00642207
            372            -0.44            -0.45871            0.00640498
            373            -0.44            -0.45866            0.00638799
            374            -0.52            -0.458824            0.00637299
            375            -0.36            -0.45856            0.00636144
            376            -0.36            -0.458298            0.00634991
            377            -0.36            -0.458037            0.00633841
            378            -0.52            -0.458201            0.00632374
            379            -0.68            -0.458786            0.00633413
            380            -0.44            -0.458737            0.00631763
            381            -0.6            -0.459108            0.00631193
            382            -0.36            -0.458848            0.00630073
            383            -0.44            -0.458799            0.00628445
            384            -0.6            -0.459167            0.00627884
            385            -0.6            -0.459532            0.00627318
            386            -0.36            -0.459275            0.00626222
            387            -0.44            -0.459225            0.00624621
            388            -0.6            -0.459588            0.00624065
            389            -0.52            -0.459743            0.00622652
            390            -0.52            -0.459897            0.00621246
            391            -0.52            -0.460051            0.00619846
            392            -0.52            -0.460204            0.00618452
            393            -0.36            -0.459949            0.00617403
            394            -0.52            -0.460102            0.00616022
            395            -0.2            -0.459443            0.00617979
            396            -0.44            -0.459394            0.00616436
            397            -0.36            -0.459144            0.00615391
            398            -0.52            -0.459296            0.00614033
            399            -0.6            -0.459649            0.00613506
            400            -0.44            -0.4596            0.0061199
            401            -0.28            -0.459152            0.00612103
            402            -0.36            -0.458905            0.00611077
            403            -0.6            -0.459256            0.00610563
            404            -0.6            -0.459604            0.00610045
            405            -0.68            -0.460148            0.00610966
            406            -0.6            -0.460493            0.00610432
            407            -0.36            -0.460246            0.0060943
            408            -0.6            -0.460588            0.00608899
            409            -0.52            -0.460733            0.00607582
            410            -0.68            -0.461268            0.00608453
            411            -0.44            -0.461217            0.00606993
            412            -0.2            -0.460583            0.00608828
            413            -0.36            -0.460339            0.0060784
            414            -0.44            -0.46029            0.0060639
            415            -0.28            -0.459855            0.00606485
            416            -0.36            -0.459615            0.00605502
            417            -0.6            -0.459952            0.00604985
            418            -0.44            -0.459904            0.00603555
            419            -0.68            -0.46043            0.006044
            420            -0.52            -0.460571            0.00603126
            421            -0.44            -0.460523            0.00601711
            422            -0.36            -0.460284            0.00600756
            423            -0.44            -0.460236            0.00599354
            424            -0.44            -0.460189            0.00597957
            425            -0.6            -0.460518            0.00597455
            426            -0.6            -0.460845            0.0059695
            427            -0.28            -0.460422            0.00597054
            428            -0.36            -0.460187            0.00596119
            429            -0.36            -0.459953            0.00595186
            430            -0.2            -0.459349            0.0059687
            431            -0.6            -0.459675            0.00596377
            432            -0.68            -0.460185            0.00597177
            433            -0.36            -0.459954            0.00596245
            434            -0.44            -0.459908            0.00594888
            435            -0.6            -0.46023            0.00594392
            436            -0.44            -0.460183            0.00593045
            437            -0.36            -0.459954            0.0059213
            438            -0.44            -0.459909            0.00590794
            439            -0.28            -0.459499            0.0059087
            440            -0.44            -0.459455            0.00589542
            441            -0.44            -0.45941            0.0058822
            442            -0.44            -0.459367            0.00586904
            443            -0.6            -0.459684            0.00586438
            444            -0.44            -0.45964            0.00585133
            445            -0.68            -0.460135            0.00585912
            446            -0.44            -0.46009            0.00584615
            447            -0.52            -0.460224            0.00583459
            448            -0.44            -0.460179            0.00582173
            449            -0.28            -0.459777            0.00582259
            450            -0.36            -0.459556            0.00581387
            451            -0.52            -0.45969            0.00580251
            452            -0.36            -0.459469            0.00579386
            453            -0.36            -0.459249            0.00578523
            454            -0.44            -0.459207            0.00577262
            455            -0.6            -0.459516            0.00576823
            456            -0.44            -0.459474            0.00575572
            457            -0.6            -0.459781            0.00575134
            458            -0.76            -0.460437            0.00577609
            459            -0.6            -0.460741            0.0057715
            460            -0.6            -0.461043            0.00576689
            461            -0.52            -0.461171            0.00575579
            462            -0.36            -0.460952            0.00574749
            463            -0.36            -0.460734            0.00573921
            464            -0.52            -0.460862            0.00572825
            465            -0.6            -0.461161            0.00572375
            466            -0.2            -0.460601            0.00573888
            467            -0.52            -0.460728            0.00572799
            468            -0.28            -0.460342            0.00572877
            469            -0.36            -0.460128            0.00572054
            470            -0.36            -0.459915            0.00571233
            471            -0.44            -0.459873            0.00570035
            472            -0.44            -0.459831            0.00568842
            473            -0.68            -0.460296            0.00569543
            474            -0.6            -0.460591            0.00569104
            475            -0.36            -0.460379            0.00568299
            476            -0.44            -0.460336            0.0056712
            477            -0.36            -0.460126            0.00566321
            478            -0.28            -0.459749            0.0056639
            479            -0.44            -0.459708            0.00565221
            480            -0.2            -0.459167            0.00566631
            481            -0.36            -0.45896            0.00565828
            482            -0.28            -0.458589            0.00565872
            483            -0.44            -0.458551            0.00564712
            484            -0.36            -0.458347            0.00563912
            485            -0.52            -0.458474            0.00562892
            486            -0.52            -0.458601            0.00561875
            487            -0.44            -0.458563            0.00560733
            488            -0.28            -0.458197            0.00560778
            489            -0.52            -0.458323            0.00559773
            490            -0.36            -0.458122            0.00558989
            491            -0.36            -0.457923            0.00558208
            492            -0.52            -0.458049            0.00557215
            493            -0.44            -0.458012            0.00556095
            494            -0.44            -0.457976            0.00554981
            495            -0.44            -0.457939            0.0055387
            496            -0.44            -0.457903            0.00552764
            497            -0.44            -0.457867            0.00551663
            498            -0.12            -0.457189            0.00554718
            499            -0.36            -0.456994            0.00553948
            500            -0.28            -0.45664            0.00553971
            501            -0.2            -0.456128            0.00555232
            502            -0.36            -0.455936            0.00554456
            503            -0.36            -0.455746            0.00553681
            504            -0.44            -0.455714            0.0055259
            505            -0.6            -0.456            0.00552235
            506            -0.6            -0.456285            0.00551876
            507            -0.44            -0.456252            0.00550796
            508            -0.68            -0.456693            0.00551473
            509            -0.52            -0.456817            0.00550529
            510            -0.52            -0.456941            0.00549588
            511            -0.6            -0.457221            0.00549225
            512            -0.6            -0.4575            0.0054886
            513            -0.68            -0.457934            0.00549504
            514            -0.44            -0.457899            0.00548445
            515            -0.2            -0.457398            0.00549665
            516            -0.36            -0.457209            0.00548923
            517            -0.44            -0.457176            0.0054787
            518            -0.28            -0.456834            0.0054788
            519            -0.52            -0.456956            0.00546959
            520            -0.6            -0.457231            0.00546599
            521            -0.68            -0.457658            0.00547222
            522            -0.6            -0.457931            0.00546853
            523            -0.68            -0.458356            0.00547455
            524            -0.6            -0.458626            0.00547078
            525            -0.52            -0.458743            0.0054616
            526            -0.52            -0.458859            0.00545245
            527            -0.52            -0.458975            0.00544333
            528            -0.36            -0.458788            0.00543624
            529            -0.28            -0.45845            0.00543647
            530            -0.44            -0.458415            0.00542632
            531            -0.36            -0.45823            0.00541926
            532            -0.6            -0.458496            0.00541562
            533            -0.12            -0.457861            0.00544263
            534            -0.36            -0.457678            0.00543552
            535            -0.44            -0.457645            0.00542545
            536            -0.44            -0.457612            0.00541542
            537            -0.36            -0.45743            0.00540838
            538            -0.2            -0.456952            0.00541948
            539            -0.28            -0.456623            0.00541937
            540            -0.44            -0.456593            0.00540941
            541            -0.52            -0.45671            0.00540068
            542            -0.6            -0.456974            0.00539718
            543            -0.36            -0.456796            0.00539019
            544            -0.44            -0.456765            0.00538037
            545            -0.44            -0.456734            0.00537057
            546            -0.28            -0.45641            0.00537049
            547            -0.28            -0.456088            0.00537036
            548            -0.52            -0.456204            0.00536182
            549            -0.28            -0.455883            0.00536166
            550            -0.52            -0.456            0.00535317
            551            -0.2            -0.455535            0.0053636
            552            -0.6            -0.455797            0.00536027
            553            -0.36            -0.455624            0.00535337
            554            -0.36            -0.455451            0.00534649
            555            -0.36            -0.455279            0.00533962
            556            -0.44            -0.455252            0.00533007
            557            -0.44            -0.455224            0.00532057
            558            -0.36            -0.455054            0.00531376
            559            -0.44            -0.455027            0.00530432
            560            -0.44            -0.455            0.00529491
            561            -0.36            -0.454831            0.00528817
            562            -0.44            -0.454804            0.00527882
            563            -0.44            -0.454778            0.0052695
            564            -0.36            -0.45461            0.00526283
            565            -0.52            -0.454726            0.00525478
            566            -0.44            -0.4547            0.00524556
            567            -0.36            -0.454533            0.00523896
            568            -0.44            -0.454507            0.00522979
            569            -0.44            -0.454482            0.00522065
            570            -0.6            -0.454737            0.00521774
            571            -0.52            -0.454851            0.00520984
            572            -0.6            -0.455105            0.00520692
            573            -0.6            -0.455358            0.00520397
            574            -0.52            -0.45547            0.00519611
            575            -0.6            -0.455722            0.00519316
            576            -0.6            -0.455972            0.00519018
            577            -0.52            -0.456083            0.00518237
            578            -0.6            -0.456332            0.00517938
            579            -0.52            -0.456442            0.0051716
            580            -0.6            -0.45669            0.0051686
            581            -0.52            -0.456799            0.00516085
            582            -0.52            -0.456907            0.00515312
            583            -0.68            -0.45729            0.00515848
            584            -0.44            -0.45726            0.00514973
            585            -0.44            -0.457231            0.005141
            586            -0.28            -0.456928            0.00514113
            587            -0.52            -0.457036            0.00513348
            588            -0.52            -0.457143            0.00512587
            589            -0.44            -0.457114            0.00511724
            590            -0.28            -0.456814            0.00511737
            591            -0.36            -0.45665            0.00511133
            592            -0.44            -0.456622            0.00510277
            593            -0.44            -0.456594            0.00509423
            594            -0.52            -0.4567            0.00508677
            595            -0.52            -0.456807            0.00507933
            596            -0.44            -0.456779            0.00507087
            597            -0.44            -0.45675            0.00506245
            598            -0.52            -0.456856            0.00505508
            599            -0.6            -0.457095            0.00505229
            600            -0.44            -0.457067            0.00504395
            601            -0.44            -0.457038            0.00503563
            602            -0.52            -0.457143            0.00502834
            603            -0.52            -0.457247            0.00502108
            604            -0.52            -0.457351            0.00501384
            605            -0.44            -0.457322            0.00500562
            606            -0.36            -0.457162            0.00499994
            607            -0.36            -0.457002            0.00499426
            608            -0.28            -0.456711            0.00499453
            609            -0.28            -0.45642            0.00499476
            610            -0.44            -0.456393            0.00498663
            611            -0.52            -0.456498            0.00497955
            612            -0.6            -0.456732            0.00497694
            613            -0.44            -0.456705            0.00496889
            614            -0.6            -0.456938            0.00496628
            615            -0.52            -0.457041            0.00495925
            616            -0.36            -0.456883            0.0049537
            617            -0.68            -0.457245            0.00495887
            618            -0.36            -0.457087            0.00495334
            619            -0.6            -0.457318            0.00495072
            620            -0.52            -0.457419            0.00494376
            621            -0.52            -0.45752            0.00493682
            622            -0.68            -0.457878            0.00494184
            623            -0.68            -0.458234            0.00494676
            624            -0.44            -0.458205            0.00493892
            625            -0.52            -0.458304            0.004932
            626            -0.36            -0.458147            0.00492662
            627            -0.6            -0.458373            0.00492395
            628            -0.6            -0.458599            0.00492128
            629            -0.52            -0.458696            0.00491442
            630            -0.12            -0.458159            0.00493598
            631            -0.44            -0.45813            0.00492823
            632            -0.52            -0.458228            0.0049214
            633            -0.52            -0.458325            0.00491459
            634            -0.36            -0.45817            0.00490928
            635            -0.44            -0.458142            0.00490163
            636            -0.52            -0.458239            0.00489488
            637            -0.52            -0.458336            0.00488815
            638            -0.44            -0.458307            0.00488057
            639            -0.36            -0.458153            0.00487535
            640            -0.36            -0.458            0.00487014
            641            -0.44            -0.457972            0.00486262
            642            -0.52            -0.458069            0.004856
            643            -0.6            -0.458289            0.00485347
            644            -0.52            -0.458385            0.00484687
            645            -0.52            -0.458481            0.00484029
            646            -0.52            -0.458576            0.00483373
            647            -0.52            -0.458671            0.00482719
            648            -0.36            -0.458519            0.00482214
            649            -0.36            -0.458367            0.0048171
            650            -0.6            -0.458585            0.00481461
            651            -0.68            -0.458925            0.00481923
            652            -0.76            -0.459387            0.00483394
            653            -0.36            -0.459234            0.00482893
            654            -0.44            -0.459205            0.00482163
            655            -0.52            -0.459298            0.00481516
            656            -0.52            -0.45939            0.0048087
            657            -0.28            -0.459117            0.00480914
            658            -0.6            -0.459331            0.00480659
            659            -0.52            -0.459423            0.00480018
            660            -0.44            -0.459394            0.00479299
            661            -0.44            -0.459365            0.00478582
            662            -0.52            -0.459456            0.00477946
            663            -0.44            -0.459427            0.00477234
            664            -0.52            -0.459518            0.00476602
            665            -0.52            -0.459609            0.00475972
            666            -0.44            -0.45958            0.00475266
            667            -0.52            -0.45967            0.00474639
            668            -0.6            -0.45988            0.00474393
            669            -0.52            -0.45997            0.00473769
            670            -0.52            -0.46006            0.00473146
            671            -0.6            -0.460268            0.004729
            672            -0.76            -0.460714            0.00474298
            673            -0.36            -0.460565            0.00473829
            674            -0.28            -0.460297            0.00473884
            675            -0.36            -0.460148            0.00473414
            676            -0.6            -0.460355            0.00473166
            677            -0.36            -0.460207            0.00472699
            678            -0.2            -0.459823            0.00473559
            679            -0.44            -0.459794            0.0047287
            680            -0.2            -0.459412            0.00473717
            681            -0.52            -0.459501            0.00473105
            682            -0.6            -0.459707            0.00472859
            683            -0.44            -0.459678            0.00472175
            684            -0.28            -0.459415            0.00472216
            685            -0.44            -0.459387            0.00471534
            686            -0.6            -0.459592            0.00471293
            687            -0.68            -0.459913            0.00471698
            688            -0.6            -0.460116            0.00471452
            689            -0.44            -0.460087            0.00470776
            690            -0.44            -0.460058            0.00470103
            691            -0.52            -0.460145            0.00469502
            692            -0.68            -0.460462            0.00469898
            693            -0.52            -0.460548            0.00469298
            694            -0.36            -0.460403            0.00468846
            695            -0.52            -0.460489            0.00468249
            696            -0.52            -0.460575            0.00467654
            697            -0.44            -0.460545            0.00466992
            698            -0.6            -0.460745            0.0046675
            699            -0.68            -0.461059            0.00467136
            700            -0.6            -0.461257            0.00466891
            701            -0.68            -0.461569            0.00467267
            702            -0.44            -0.461538            0.00466611
            703            -0.6            -0.461735            0.00466363
            704            -0.36            -0.461591            0.00465924
            705            -0.36            -0.461447            0.00465486
            706            -0.2            -0.461076            0.00466299
            707            -0.28            -0.46082            0.00466343
            708            -0.28            -0.460565            0.00466384
            709            -0.2            -0.460197            0.00467173
            710            -0.52            -0.460282            0.00466591
            711            -0.44            -0.460253            0.00465943
            712            -0.6            -0.460449            0.00465702
            713            -0.68            -0.460757            0.00466066
            714            -0.44            -0.460728            0.00465422
            715            -0.44            -0.460699            0.0046478
            716            -0.44            -0.46067            0.00464139
            717            -0.44            -0.460642            0.004635
            718            -0.44            -0.460613            0.00462863
            719            -0.44            -0.460584            0.00462228
            720            -0.44            -0.460556            0.00461594
            721            -0.44            -0.460527            0.00460963
            722            -0.6            -0.46072            0.00460729
            723            -0.36            -0.460581            0.00460302
            724            -0.44            -0.460552            0.00459675
            725            -0.6            -0.460745            0.00459443
            726            -0.28            -0.460496            0.00459485
            727            -0.44            -0.460468            0.00458861
            728            -0.44            -0.46044            0.00458239
            729            -0.28            -0.460192            0.00458279
            730            -0.52            -0.460274            0.00457724
            731            -0.44            -0.460246            0.00457106
            732            -0.52            -0.460328            0.00456554
            733            -0.52            -0.460409            0.00456003
            734            -0.44            -0.460381            0.0045539
            735            -0.36            -0.460245            0.00454975
            736            -0.44            -0.460217            0.00454365
            737            -0.36            -0.460081            0.00453951
            738            -0.28            -0.459837            0.00453992
            739            -0.44            -0.459811            0.00453385
            740            -0.52            -0.459892            0.00452845
            741            -0.6            -0.460081            0.00452629
            742            -0.36            -0.459946            0.0045222
            743            -0.36            -0.459812            0.00451811
            744            -0.6            -0.46            0.00451596
            745            -0.6            -0.460188            0.00451381
            746            -0.36            -0.460054            0.00450976
            747            -0.52            -0.460134            0.00450443
            748            -0.68            -0.460428            0.004508
            749            -0.6            -0.460614            0.00450583
            750            -0.28            -0.460373            0.00450626
            751            -0.36            -0.46024            0.00450224
            752            -0.2            -0.459894            0.00450954
            753            -0.12            -0.459442            0.00452612
            754            -0.36            -0.45931            0.00452203
            755            -0.36            -0.459179            0.00451795
            756            -0.44            -0.459153            0.00451205
            757            -0.36            -0.459022            0.00450798
            758            -0.44            -0.458997            0.0045021
            759            -0.36            -0.458867            0.00449806
            760            -0.6            -0.459053            0.00449597
            761            -0.28            -0.458817            0.00449622
            762            -0.52            -0.458898            0.00449104
            763            -0.44            -0.458873            0.00448521
            764            -0.36            -0.458743            0.00448121
            765            -0.44            -0.458719            0.00447541
            766            -0.52            -0.458799            0.00447028
            767            -0.68            -0.459087            0.00447376
            768            -0.6            -0.459271            0.00447169
            769            -0.68            -0.459558            0.00447509
            770            -0.52            -0.459636            0.00446996
            771            -0.6            -0.459818            0.00446787
            772            -0.68            -0.460104            0.00447119
            773            -0.68            -0.460388            0.00447445
            774            -0.6            -0.460568            0.00447231
            775            -0.44            -0.460542            0.00446661
            776            -0.6            -0.460722            0.00446447
            777            -0.36            -0.460592            0.0044606
            778            -0.2            -0.460257            0.00446744
            779            -0.28            -0.460026            0.0044677
            780            -0.52            -0.460103            0.00446263
            781            -0.36            -0.459974            0.00445875
            782            -0.44            -0.459949            0.00445312
            783            -0.36            -0.459821            0.00444926
            784            -0.44            -0.459796            0.00444366
            785            -0.44            -0.459771            0.00443806
            786            -0.44            -0.459746            0.00443249
            787            -0.44            -0.45972            0.00442692
            788            -0.36            -0.459594            0.00442311
            789            -0.44            -0.459569            0.00441757
            790            -0.36            -0.459443            0.00441377
            791            -0.44            -0.459418            0.00440826
            792            -0.44            -0.459394            0.00440276
            793            -0.44            -0.459369            0.00439727
            794            -0.36            -0.459244            0.00439351
            795            -0.28            -0.459019            0.00439377
            796            -0.36            -0.458894            0.00439001
            797            -0.36            -0.45877            0.00438625
            798            -0.44            -0.458747            0.00438082
            799            -0.36            -0.458623            0.00437708
            800            -0.44            -0.4586            0.00437166
            801            -0.36            -0.458477            0.00436794
            802            -0.2            -0.458155            0.00437438
            803            -0.44            -0.458132            0.00436898
            804            -0.44            -0.458109            0.0043636
            805            -0.28            -0.457888            0.00436379
            806            -0.6            -0.458065            0.00436194
            807            -0.36            -0.457943            0.00435823
            808            -0.2            -0.457624            0.00436452
            809            -0.28            -0.457404            0.00436465
            810            -0.36            -0.457284            0.00436091
            811            -0.52            -0.457361            0.00435622
            812            -0.2            -0.457044            0.00436238
            813            -0.12            -0.45663            0.00437669
            814            -0.36            -0.456511            0.00437292
            815            -0.52            -0.456589            0.00436825
            816            -0.44            -0.456569            0.00436294
            817            -0.44            -0.456548            0.00435764
            818            -0.44            -0.456528            0.00435236
            819            -0.52            -0.456606            0.00434773
            820            -0.28            -0.45639            0.00434776
            821            -0.44            -0.45637            0.00434251
            822            -0.36            -0.456253            0.00433881
            823            -0.52            -0.45633            0.00433423
            824            -0.36            -0.456214            0.00433054
            825            -0.6            -0.456388            0.0043288
            826            -0.36            -0.456271            0.00432513
            827            -0.44            -0.456252            0.00431994
            828            -0.44            -0.456232            0.00431477
            829            -0.6            -0.456405            0.00431305
            830            -0.6            -0.456578            0.00431132
            831            -0.6            -0.456751            0.00430959
            832            -0.6            -0.456923            0.00430784
            833            -0.68            -0.457191            0.004311
            834            -0.44            -0.45717            0.00430587
            835            -0.2            -0.456862            0.00431173
            836            -0.2            -0.456555            0.00431751
            837            -0.44            -0.456535            0.0043124
            838            -0.44            -0.456516            0.00430729
            839            -0.44            -0.456496            0.0043022
            840            -0.28            -0.456286            0.00430221
            841            -0.52            -0.456361            0.00429776
            842            -0.36            -0.456247            0.00429418
            843            -0.2            -0.455943            0.00429984
            844            -0.28            -0.455735            0.0042998
            845            -0.28            -0.455527            0.00429974
            846            -0.36            -0.455414            0.00429614
            847            -0.44            -0.455396            0.0042911
            848            -0.44            -0.455377            0.00428608
            849            -0.36            -0.455265            0.0042825
            850            -0.36            -0.455153            0.00427892
            851            -0.2            -0.454853            0.0042844
            852            -0.44            -0.454836            0.0042794
            853            -0.28            -0.454631            0.00427929
            854            -0.36            -0.45452            0.00427572
            855            -0.2            -0.454222            0.00428107
            856            -0.44            -0.454206            0.0042761
            857            -0.2            -0.453909            0.0042814
            858            -0.36            -0.4538            0.0042778
            859            -0.52            -0.453877            0.00427352
            860            -0.52            -0.453953            0.00426924
            861            -0.28            -0.453751            0.00426906
            862            -0.36            -0.453643            0.00426549
            863            -0.44            -0.453627            0.00426057
            864            -0.36            -0.453519            0.00425702
            865            -0.6            -0.453688            0.00425547
            866            -0.28            -0.453487            0.00425528
            867            -0.52            -0.453564            0.00425106
            868            -0.44            -0.453548            0.00424619
            869            -0.28            -0.453349            0.004246
            870            -0.44            -0.453333            0.00424114
            871            -0.6            -0.453502            0.00423962
            872            -0.44            -0.453486            0.00423478
            873            -0.44            -0.453471            0.00422995
            874            -0.44            -0.453455            0.00422514
            875            -0.36            -0.453349            0.00422166
            876            -0.68            -0.453607            0.00422477
            877            -0.52            -0.453683            0.00422063
            878            -0.52            -0.453759            0.00421649
            879            -0.52            -0.453834            0.00421237
            880            -0.44            -0.453818            0.00420761
            881            -0.68            -0.454075            0.00421066
            882            -0.52            -0.45415            0.00420655
            883            -0.28            -0.453952            0.00420641
            884            -0.6            -0.454118            0.0042049
            885            -0.6            -0.454282            0.00420338
            886            -0.28            -0.454086            0.00420323
            887            -0.28            -0.45389            0.00420308
            888            -0.52            -0.453964            0.004199
            889            -0.44            -0.453948            0.00419431
            890            -0.28            -0.453753            0.00419415
            891            -0.44            -0.453737            0.00418946
            892            -0.44            -0.453722            0.00418479
            893            -0.68            -0.453975            0.00418778
            894            -0.6            -0.454139            0.00418628
            895            -0.52            -0.454212            0.00418225
            896            -0.36            -0.454107            0.0041789
            897            -0.52            -0.454181            0.00417488
            898            -0.36            -0.454076            0.00417155
            899            -0.52            -0.454149            0.00416755
            900            -0.6            -0.454311            0.00416607
            901            -0.52            -0.454384            0.00416209
            902            -0.44            -0.454368            0.0041575
            903            -0.52            -0.454441            0.00415353
            904            -0.68            -0.45469            0.00415643
            905            -0.44            -0.454674            0.00415186
            906            -0.52            -0.454746            0.00414791
            907            -0.6            -0.454906            0.00414642
            908            -0.44            -0.45489            0.00414189
            909            -0.68            -0.455138            0.00414473
            910            -0.44            -0.455121            0.00414021
            911            -0.6            -0.45528            0.00413872
            912            -0.52            -0.455351            0.00413479
            913            -0.44            -0.455334            0.00413029
            914            -0.52            -0.455405            0.00412637
            915            -0.28            -0.455213            0.00412632
            916            -0.44            -0.455197            0.00412184
            917            -0.52            -0.455267            0.00411795
            918            -0.44            -0.455251            0.0041135
            919            -0.44            -0.455234            0.00410905
            920            -0.36            -0.45513            0.00410589
            921            -0.28            -0.45494            0.00410584
            922            -0.12            -0.454577            0.00411744
            923            -0.44            -0.454561            0.004113
            924            -0.36            -0.454459            0.00410982
            925            -0.36            -0.454357            0.00410665
            926            -0.52            -0.454428            0.00410282
            927            -0.44            -0.454412            0.00409843
            928            -0.2            -0.454138            0.00410318
            929            -0.36            -0.454037            0.00410001
            930            -0.36            -0.453935            0.00409685
            931            -0.28            -0.453749            0.0040967
            932            -0.76            -0.454077            0.00410548
            933            -0.68            -0.454319            0.00410822
            934            -0.36            -0.454218            0.00410506
            935            -0.36            -0.454118            0.0041019
            936            -0.44            -0.454103            0.00409755
            937            -0.36            -0.454002            0.0040944
            938            -0.28            -0.453817            0.00409424
            939            -0.44            -0.453802            0.00408991
            940            -0.6            -0.453957            0.00408851
            941            -0.44            -0.453943            0.00408419
            942            -0.44            -0.453928            0.00407988
            943            -0.36            -0.453828            0.00407677
            944            -0.44            -0.453814            0.00407247
            945            -0.44            -0.453799            0.00406819
            946            -0.6            -0.453953            0.00406682
            947            -0.52            -0.454023            0.00406312
            948            -0.6            -0.454177            0.00406176
            949            -0.52            -0.454247            0.00405807
            950            -0.36            -0.454147            0.00405501
            951            -0.52            -0.454217            0.00405133
            952            -0.68            -0.454454            0.00405402
            953            -0.52            -0.454523            0.00405035
            954            -0.52            -0.454591            0.00404668
            955            -0.52            -0.45466            0.00404302
            956            -0.52            -0.454728            0.00403937
            957            -0.36            -0.454629            0.00403636
            958            -0.44            -0.454614            0.00403217
            959            -0.28            -0.454432            0.00403208
            960            -0.44            -0.454417            0.0040279
            961            -0.44            -0.454402            0.00402374
            962            -0.52            -0.45447            0.00402013
            963            -0.6            -0.454621            0.0040188
            964            -0.6            -0.454772            0.00401746
            965            -0.6            -0.454922            0.00401611
            966            -0.52            -0.45499            0.00401252
            967            -0.44            -0.454974            0.0040084
            968            -0.52            -0.455041            0.00400482
            969            -0.36            -0.454943            0.00400189
            970            -0.36            -0.454845            0.00399896
            971            -0.36            -0.454748            0.00399603
            972            -0.44            -0.454733            0.00399194
            973            -0.28            -0.454553            0.00399188
            974            -0.44            -0.454538            0.00398781
            975            -0.6            -0.454687            0.00398651
            976            -0.52            -0.454754            0.00398298
            977            -0.36            -0.454657            0.00398009
            978            -0.44            -0.454642            0.00397604
            979            -0.6            -0.454791            0.00397475
            980            -0.44            -0.454776            0.00397073
            981            -0.52            -0.454842            0.00396723
            982            -0.44            -0.454827            0.00396322
            983            -0.52            -0.454893            0.00395974
            984            -0.6            -0.455041            0.00395846
            985            -0.68            -0.455269            0.00396103
            986            -0.44            -0.455254            0.00395704
            987            -0.44            -0.455238            0.00395306
            988            -0.6            -0.455385            0.00395178
            989            -0.52            -0.45545            0.00394832
            990            -0.6            -0.455596            0.00394703
            991            -0.28            -0.455419            0.00394702
            992            -0.28            -0.455242            0.00394701
            993            -0.52            -0.455307            0.00394357
            994            -0.36            -0.455211            0.00394077
            995            -0.52            -0.455276            0.00393734
            996            -0.44            -0.455261            0.00393342
            997            -0.44            -0.455246            0.0039295
            998            -0.44            -0.45523            0.00392559
            999            -0.28            -0.455055            0.00392558
            1000            -0.28            -0.45488            0.00392556
