1 5.40075 0
2 5.55569 0.154942
3 5.74333 0.207879
4 5.66178 0.168099
5 5.61681 0.137758
6 5.5491 0.131283
7 5.58365 0.116207
8 5.57857 0.100766
9 5.63378 0.104618
10 5.65034 0.0950266
11 5.61839 0.0916998
12 5.63788 0.0859492
13 5.59853 0.0883128
14 5.61213 0.0828844
15 5.58844 0.0807137
16 5.57574 0.0765625
17 5.58011 0.0720508
18 5.5709 0.0685513
19 5.54187 0.0710448
20 5.54143 0.0674005
21 5.55266 0.0650867
22 5.53068 0.0658363
23 5.51609 0.0645779
24 5.50072 0.0637108
25 5.48869 0.0622827
26 5.49877 0.0606828
27 5.50938 0.0593476
28 5.51504 0.0574682
29 5.51246 0.0555108
30 5.49298 0.0570578
31 5.48546 0.0556962
32 5.47596 0.0547587
33 5.48188 0.0534031
34 5.47954 0.0518617
35 5.4883 0.051114
36 5.47416 0.0516457
37 5.47844 0.0504125
38 5.46903 0.0499621
39 5.46637 0.0487371
40 5.45982 0.0479513
41 5.46608 0.0471833
42 5.4711 0.0463196
43 5.47261 0.0452547
44 5.47507 0.0442824
45 5.48099 0.0436901
46 5.47756 0.042867
47 5.48518 0.042631
48 5.48654 0.0417558
49 5.47404 0.0427624
50 5.47692 0.041997
51 5.47836 0.0411903
52 5.48674 0.0412524
53 5.4893 0.0405472
54 5.48918 0.0397894
55 5.48399 0.0394018
56 5.48042 0.0388563
57 5.48296 0.0382529
58 5.48251 0.0375902
59 5.48155 0.03696
60 5.47646 0.0366937
61 5.48067 0.0363321
62 5.48378 0.0358759
63 5.4849 0.0353198
64 5.48459 0.034765
65 5.48843 0.0344414
66 5.49003 0.0339531
67 5.4866 0.0336185
68 5.48767 0.0331379
69 5.48051 0.0334314
70 5.47664 0.0331767
71 5.48029 0.0329098
72 5.48041 0.0324497
73 5.48345 0.0321461
74 5.48199 0.0317423
75 5.48448 0.031415
76 5.48919 0.0313547
77 5.4973 0.0319887
78 5.49833 0.0315927
79 5.50094 0.0312992
80 5.4998 0.0309266
81 5.49568 0.0308191
82 5.49442 0.0304667
83 5.48735 0.0309169
84 5.48119 0.0311627
85 5.48101 0.0307944
86 5.48222 0.0304581
87 5.47621 0.0306996
88 5.46726 0.0316422
89 5.46715 0.0312849
90 5.45642 0.0327421
91 5.45873 0.0324626
92 5.46189 0.0322629
93 5.46212 0.031915
94 5.46113 0.0315891
95 5.45489 0.031872
96 5.45704 0.0316116
97 5.45485 0.0313609
98 5.45376 0.0310583
99 5.45407 0.0307446
100 5.45448 0.0304383
