0.4 0.7002 0
0.6 0.7002 0.0463106
0.8 0.7002 0.0463106
1 -0.431867 0.00355872
1.2 -0.431867 0.00355872
1.4 -0.431867 0.00355872
1.6 -0.431867 0.00355872
1.8 -0.431867 0.00355872
2 0.497966 0.06055
2.2 0.497966 0.06055
2.4 1.80237 0.114771
2.6 -0.319498 0.00670046
2.8 -0.319498 0.00670046
3 -0.319498 0.00670046
3.2 -0.319498 0.00670046
3.4 -0.319498 0.00670046
3.6 -0.319498 0.00670046
3.8 -0.179145 0.00670292
4 -0.221531 0.00405069
4.2 -0.255616 0.00740694
4.4 -0.255616 0.00740694
4.6 -0.24083 0.0115002
4.8 -0.217254 0.00481389
5 -0.217254 0.00481389
5.2 -0.217254 0.00481389
5.4 -0.217254 0.00481389
5.6 -0.156087 0.00561861
5.8 -0.167984 0.0213353
6 -0.167984 0.0213353
6.2 -0.332955 0.00880541
6.4 -0.332955 0.00880541
6.6 -0.0107907 0.00489514
6.8 -0.171452 0.00459842
7 -0.171452 0.00459842
7.2 -0.171452 0.00459842
7.4 -0.171452 0.00459842
7.6 -0.171452 0.00459842
7.8 -0.171452 0.00459842
8 -0.310868 0.00793358
8.2 -0.310868 0.00793358
8.4 -0.310868 0.00793358
8.6 -0.441341 0.00322842
8.8 -0.441341 0.00322842
9 -0.441341 0.00322842
9.2 -0.146067 0.00839925
9.4 -0.146067 0.00839925
9.6 -0.146067 0.00839925
9.8 -0.146067 0.00839925
10 -0.419438 0.00244732
10.2 -0.419438 0.00244732
10.4 -0.400158 0.00372712
10.6 -0.298789 0.00503473
10.8 -0.383371 0.00400481
11 -0.396269 0.00477355
11.2 -0.439139 0.00244357
11.4 -0.439139 0.00244357
11.6 -0.329712 0.00592076
11.8 -0.329712 0.00592076
12 -0.443881 0.00246832
12.2 -0.443881 0.00246832
12.4 -0.377815 0.00355277
12.6 -0.377815 0.00355277
12.8 -0.377815 0.00355277
13 -0.377815 0.00355277
13.2 -0.377815 0.00355277
13.4 -0.377815 0.00355277
13.6 -0.377815 0.00355277
13.8 -0.377815 0.00355277
14 -0.377815 0.00355277
14.2 -0.444951 0.00265132
14.4 -0.303895 0.00439709
14.6 -0.325235 0.00448607
14.8 -0.404664 0.00312992
15 -0.404664 0.00312992
15.2 -0.317375 0.00596919
15.4 -0.347624 0.00272666
15.6 -0.411538 0.00488467
15.8 -0.411538 0.00488467
16 -0.424186 0.00416992
16.2 -0.424186 0.00416992
16.4 -0.441787 0.00294545
16.6 -0.441787 0.00294545
16.8 -0.441787 0.00294545
17 -0.441787 0.00294545
17.2 -0.441787 0.00294545
17.4 -0.441787 0.00294545
17.6 -0.441787 0.00294545
17.8 -0.39456 0.00356674
18 -0.433339 0.00192009
18.2 -0.433339 0.00192009
18.4 -0.433339 0.00192009
18.6 -0.296577 0.00619118
18.8 -0.375421 0.00294402
19 -0.375421 0.00294402
19.2 -0.421356 0.00315582
19.4 -0.421356 0.00315582
19.6 -0.421356 0.00315582
19.8 -0.421356 0.00315582
20 -0.426589 0.00250834
20.2 -0.426589 0.00250834
20.4 -0.426589 0.00250834
20.6 -0.426589 0.00250834
20.8 -0.381291 0.00328773
21 -0.433252 0.00258335
21.2 -0.433252 0.00258335
21.4 -0.433252 0.00258335
21.6 -0.417208 0.00422447
21.8 -0.417208 0.00422447
22 -0.430145 0.00254369
22.2 -0.430145 0.00254369
22.4 -0.437468 0.00370529
22.6 -0.437468 0.00370529
22.8 -0.389718 0.00372832
23 -0.440665 0.00299469
23.2 -0.387951 0.00639035
23.4 -0.400984 0.00523596
23.6 -0.409721 0.00386329
23.8 -0.35838 0.00384765
24 -0.407757 0.00280859
24.2 -0.407757 0.00280859
24.4 -0.432312 0.00352322
24.6 -0.42938 0.00373844
24.8 -0.427603 0.00347079
25 -0.424407 0.00251891
25.2 -0.424407 0.00251891
25.4 -0.424407 0.00251891
25.6 -0.421115 0.00235933
25.8 -0.421115 0.00235933
26 -0.421115 0.00235933
26.2 -0.415121 0.00269299
26.4 -0.415121 0.00269299
26.6 -0.415121 0.00269299
26.8 -0.415121 0.00269299
27 -0.37935 0.00279122
27.2 -0.37935 0.00279122
27.4 -0.37935 0.00279122
27.6 -0.37935 0.00279122
27.8 -0.37935 0.00279122
28 -0.37935 0.00279122
28.2 -0.382009 0.00509456
28.4 -0.425715 0.00313979
28.6 -0.425715 0.00313979
28.8 -0.425715 0.00313979
29 -0.396031 0.0032666
29.2 -0.360011 0.00408755
29.4 -0.360011 0.00408755
29.6 -0.347053 0.00563279
29.8 -0.347053 0.00563279
30 -0.37169 0.00399854
30.2 -0.387664 0.00488556
30.4 -0.387664 0.00488556
30.6 -0.387664 0.00488556
30.8 -0.387664 0.00488556
31 -0.387664 0.00488556
31.2 -0.366244 0.00377969
31.4 -0.331543 0.00348755
31.6 -0.376152 0.00247377
31.8 -0.36236 0.00354265
32 -0.36236 0.00354265
32.2 -0.410191 0.00270152
32.4 -0.442238 0.00222375
32.6 -0.44494 0.00282419
32.8 -0.44494 0.00282419
33 -0.44494 0.00282419
33.2 -0.44494 0.00282419
33.4 -0.44494 0.00282419
33.6 -0.44494 0.00282419
33.8 -0.44494 0.00282419
34 -0.441214 0.0027728
34.2 -0.441214 0.0027728
34.4 -0.441214 0.0027728
34.6 -0.423545 0.00249048
34.8 -0.429209 0.00246027
35 -0.429209 0.00246027
35.2 -0.429209 0.00246027
35.4 -0.429209 0.00246027
35.6 -0.429209 0.00246027
35.8 -0.429209 0.00246027
36 -0.429209 0.00246027
36.2 -0.412146 0.00303235
36.4 -0.412146 0.00303235
36.6 -0.397734 0.00353534
36.8 -0.397734 0.00353534
37 -0.397734 0.00353534
37.2 -0.397734 0.00353534
37.4 -0.410156 0.00306871
37.6 -0.445877 0.00241646
37.8 -0.408183 0.00269871
38 -0.408183 0.00269871
38.2 -0.408183 0.00269871
38.4 -0.408183 0.00269871
38.6 -0.408183 0.00269871
38.8 -0.364817 0.00397105
39 -0.419714 0.00249778
39.2 -0.409869 0.00320589
39.4 -0.44141 0.00230855
39.6 -0.44141 0.00230855
39.8 -0.443485 0.00285973
40 -0.447567 0.00255803
40.2 -0.438286 0.00347957
40.4 -0.438605 0.00325801
40.6 -0.433329 0.00263074
40.8 -0.433329 0.00263074
41 -0.425116 0.00320574
41.2 -0.395349 0.00306175
41.4 -0.40593 0.00395784
41.6 -0.40593 0.00395784
41.8 -0.40593 0.00395784
42 -0.405306 0.0038193
42.2 -0.392657 0.00326489
42.4 -0.383778 0.00423215
42.6 -0.383778 0.00423215
42.8 -0.383778 0.00423215
43 -0.383778 0.00423215
43.2 -0.379348 0.0045599
43.4 -0.405969 0.00453675
43.6 -0.3816 0.00543638
43.8 -0.368616 0.00634561
44 -0.40032 0.00383685
44.2 -0.395928 0.00377951
44.4 -0.366915 0.00339358
44.6 -0.355167 0.00571345
44.8 -0.382365 0.00561782
45 -0.400862 0.00435743
45.2 -0.400862 0.00435743
45.4 -0.400862 0.00435743
45.6 -0.427837 0.00345159
45.8 -0.427837 0.00345159
46 -0.427837 0.00345159
46.2 -0.427837 0.00345159
46.4 -0.427837 0.00345159
46.6 -0.427837 0.00345159
46.8 -0.429772 0.00387758
47 -0.434128 0.00273476
47.2 -0.434128 0.00273476
47.4 -0.427919 0.00271875
47.6 -0.427919 0.00271875
47.8 -0.433327 0.00243181
48 -0.404746 0.00241948
48.2 -0.404746 0.00241948
48.4 -0.407765 0.00265065
48.6 -0.396408 0.00280206
48.8 -0.38515 0.00240223
49 -0.40503 0.00242235
49.2 -0.4243 0.0023251
49.4 -0.407068 0.00330914
49.6 -0.407068 0.00330914
49.8 -0.415666 0.00325059
50 -0.435213 0.00256385
50.2 -0.445563 0.0028147
50.4 -0.445255 0.00255887
50.6 -0.445255 0.00255887
50.8 -0.433573 0.00332683
51 -0.443555 0.00272339
51.2 -0.429513 0.00298821
51.4 -0.419117 0.00345583
51.6 -0.435568 0.00377166
51.8 -0.445151 0.00265891
52 -0.445151 0.00265891
52.2 -0.443302 0.00259016
52.4 -0.442028 0.00231985
52.6 -0.442028 0.00231985
52.8 -0.441794 0.00277406
53 -0.441794 0.00277406
53.2 -0.444796 0.00276003
53.4 -0.436225 0.00343617
53.6 -0.446902 0.00248605
53.8 -0.440972 0.00279848
54 -0.440972 0.00279848
54.2 -0.435739 0.00370782
54.4 -0.435739 0.00370782
54.6 -0.424718 0.0041193
54.8 -0.417448 0.00375899
55 -0.417448 0.00375899
55.2 -0.417448 0.00375899
55.4 -0.417448 0.00375899
55.6 -0.417448 0.00375899
55.8 -0.413178 0.00443659
56 -0.416911 0.00428218
56.2 -0.437462 0.00306221
56.4 -0.418534 0.00377204
56.6 -0.40789 0.00472784
56.8 -0.437778 0.00329086
57 -0.437778 0.00329086
57.2 -0.437778 0.00329086
57.4 -0.444747 0.00268531
57.6 -0.444747 0.00268531
57.8 -0.425844 0.00446091
58 -0.432313 0.00316127
58.2 -0.441813 0.00298939
58.4 -0.439318 0.00325105
58.6 -0.439318 0.00325105
58.8 -0.439318 0.00325105
59 -0.439318 0.00325105
59.2 -0.433164 0.0036198
59.4 -0.444028 0.0031849
59.6 -0.444028 0.0031849
59.8 -0.444848 0.00279441
60 -0.443852 0.00272459
60.2 -0.443852 0.00272459
