1 -0.484838 0
2 -0.445883 0.0389546
3 -0.448025 0.0225922
4 -0.454908 0.017395
5 -0.453578 0.0135397
6 -0.447106 0.0128098
7 -0.445805 0.0109042
8 -0.448491 0.00981786
9 -0.449504 0.00871757
10 -0.450232 0.0078312
11 -0.451478 0.00719231
12 -0.450695 0.00661214
13 -0.450612 0.00608286
14 -0.451426 0.00569018
15 -0.450976 0.00531634
16 -0.45193 0.00506362
17 -0.452747 0.00482624
18 -0.450657 0.00500767
19 -0.450803 0.00473905
20 -0.448639 0.00498954
21 -0.448661 0.00474605
22 -0.448548 0.00452661
23 -0.449181 0.00437142
24 -0.450218 0.00431186
25 -0.451042 0.00421707
26 -0.451602 0.00409011
27 -0.45275 0.00409978
28 -0.452715 0.0039508
29 -0.453022 0.00382449
30 -0.45299 0.00369495
31 -0.454416 0.00384762
32 -0.454502 0.00372643
33 -0.454302 0.00361725
34 -0.453702 0.00356015
35 -0.454016 0.00347113
36 -0.454978 0.003508
37 -0.454598 0.00343306
38 -0.450779 0.00507411
39 -0.451644 0.00501744
40 -0.45161 0.00489052
41 -0.451072 0.00479996
42 -0.45168 0.00472357
43 -0.451394 0.00462129
44 -0.451446 0.00451534
45 -0.451082 0.00442888
46 -0.451148 0.00433204
47 -0.450226 0.004338
48 -0.45031 0.0042475
49 -0.450965 0.00421114
50 -0.450625 0.00414004
51 -0.450496 0.00406009
52 -0.450951 0.00400715
53 -0.451324 0.0039485
54 -0.451144 0.00387887
55 -0.451008 0.00381014
56 -0.450569 0.00376714
57 -0.450898 0.00371507
58 -0.450116 0.00373329
59 -0.450165 0.00366979
60 -0.449983 0.00361268
61 -0.449501 0.00358546
62 -0.448868 0.00358354
63 -0.447938 0.0036467
64 -0.448787 0.00368829
65 -0.448587 0.00363662
66 -0.448407 0.00358562
67 -0.448322 0.00353272
68 -0.448229 0.00348162
69 -0.447969 0.00344067
70 -0.448466 0.00342742
71 -0.448791 0.00339444
72 -0.44899 0.00335283
73 -0.447237 0.00374253
74 -0.447491 0.0037004
75 -0.447279 0.00365693
76 -0.447792 0.00364489
77 -0.448194 0.00361958
78 -0.44841 0.00357941
79 -0.448392 0.00353386
80 -0.448332 0.00348992
81 -0.448503 0.00345081
82 -0.448579 0.00340931
83 -0.448513 0.00336864
84 -0.448201 0.00334288
85 -0.448257 0.0033038
86 -0.44802 0.00327375
87 -0.448038 0.00323595
88 -0.448242 0.00320545
89 -0.447898 0.00318781
90 -0.447821 0.00315314
91 -0.447797 0.00311839
92 -0.447887 0.00308563
93 -0.447963 0.00305323
94 -0.447604 0.00304184
95 -0.447369 0.00301885
96 -0.447481 0.00298934
97 -0.44757 0.0029597
98 -0.447496 0.00293026
99 -0.447296 0.00290741
100 -0.447103 0.00288463
