0.4 1 1
0.6 1 1
0.8 1 1
1 -0.837982 0.647871
1.2 -0.837982 0.647871
1.4 -0.837982 0.647871
1.6 -0.837982 0.647871
1.8 -0.837982 0.647871
2 0.153872 1.38596
2.2 0.153872 1.38596
2.4 -0.680378 1.43281
2.6 -0.675072 0.812455
2.8 -0.675072 0.812455
3 -0.675072 0.812455
3.2 -0.675072 0.812455
3.4 -0.675072 0.812455
3.6 -0.675072 0.812455
3.8 -1.05357 0.603285
4 -0.511369 0.638074
4.2 -0.275824 0.966551
4.4 -0.275824 0.966551
4.6 0.250111 0.997836
4.8 0.413588 0.769513
5 0.413588 0.769513
5.2 0.413588 0.769513
5.4 0.413588 0.769513
5.6 0.296371 0.778316
5.8 0.424684 1.06484
6 0.424684 1.06484
6.2 0.784501 0.773489
6.4 0.784501 0.773489
6.6 1.10694 0.522035
6.8 1.05012 0.559369
7 1.05012 0.559369
7.2 1.05012 0.559369
7.4 1.05012 0.559369
7.6 1.05012 0.559369
7.8 1.05012 0.559369
8 0.938764 0.691401
8.2 0.938764 0.691401
8.4 0.938764 0.691401
8.6 0.818152 0.652228
8.8 0.818152 0.652228
9 0.818152 0.652228
9.2 0.648847 0.460823
9.4 0.648847 0.460823
9.6 0.648847 0.460823
9.8 0.648847 0.460823
10 0.712437 0.646402
10.2 0.712437 0.646402
10.4 0.755694 0.551983
10.6 0.548491 0.783133
10.8 0.67905 0.705986
11 0.742053 0.717666
11.2 0.829151 0.594567
11.4 0.829151 0.594567
11.6 0.961102 0.634928
11.8 0.961102 0.634928
12 0.812947 0.602229
12.2 0.812947 0.602229
12.4 0.925696 0.593965
12.6 0.925696 0.593965
12.8 0.925696 0.593965
13 0.925696 0.593965
13.2 0.925696 0.593965
13.4 0.925696 0.593965
13.6 0.925696 0.593965
13.8 0.925696 0.593965
14 0.925696 0.593965
14.2 0.808092 0.613196
14.4 0.981101 0.592553
14.6 0.8648 0.519342
14.8 0.855075 0.557715
15 0.855075 0.557715
15.2 0.735576 0.506753
15.4 0.628934 0.61244
15.6 0.77838 0.693478
15.8 0.77838 0.693478
16 0.818296 0.671957
16.2 0.818296 0.671957
16.4 0.792032 0.648854
16.6 0.792032 0.648854
16.8 0.792032 0.648854
17 0.792032 0.648854
17.2 0.792032 0.648854
17.4 0.792032 0.648854
17.6 0.792032 0.648854
17.8 0.69525 0.696418
18 0.74558 0.621625
18.2 0.74558 0.621625
18.4 0.74558 0.621625
18.6 0.760842 0.499722
18.8 0.671693 0.576693
19 0.671693 0.576693
19.2 0.732881 0.661004
19.4 0.732881 0.661004
19.6 0.732881 0.661004
19.8 0.732881 0.661004
20 0.730459 0.641712
20.2 0.730459 0.641712
20.4 0.730459 0.641712
20.6 0.730459 0.641712
20.8 0.693185 0.562256
21 0.760834 0.593098
21.2 0.760834 0.593098
21.4 0.760834 0.593098
21.6 0.818598 0.689909
21.8 0.818598 0.689909
22 0.854116 0.595161
22.2 0.854116 0.595161
22.4 0.828161 0.644838
22.6 0.828161 0.644838
22.8 0.72413 0.551653
23 0.788453 0.65383
23.2 0.874478 0.677059
23.4 0.830352 0.693307
23.6 0.892174 0.603136
23.8 0.945637 0.600761
24 0.883322 0.57913
24.2 0.883322 0.57913
24.4 0.803909 0.662934
24.6 0.864931 0.615396
24.8 0.766058 0.677071
25 0.724305 0.615734
25.2 0.724305 0.615734
25.4 0.724305 0.615734
25.6 0.713901 0.628393
25.8 0.713901 0.628393
26 0.713901 0.628393
26.2 0.717752 0.58876
26.4 0.717752 0.58876
26.6 0.717752 0.58876
26.8 0.717752 0.58876
27 0.65738 0.662753
27.2 0.65738 0.662753
27.4 0.65738 0.662753
27.6 0.65738 0.662753
27.8 0.65738 0.662753
28 0.65738 0.662753
28.2 0.722898 0.738448
28.4 0.75405 0.670167
28.6 0.75405 0.670167
28.8 0.75405 0.670167
29 0.684187 0.676879
29.2 0.642878 0.716032
29.4 0.642878 0.716032
29.6 0.653471 0.769031
29.8 0.653471 0.769031
30 0.661019 0.710235
30.2 0.724631 0.728398
30.4 0.724631 0.728398
30.6 0.724631 0.728398
30.8 0.724631 0.728398
31 0.724631 0.728398
31.2 0.652489 0.702842
31.4 0.604628 0.654879
31.6 0.654628 0.632284
31.8 0.639992 0.707581
32 0.639992 0.707581
32.2 0.699995 0.649398
32.4 0.759662 0.624186
32.6 0.82725 0.624296
32.8 0.82725 0.624296
33 0.82725 0.624296
33.2 0.82725 0.624296
33.4 0.82725 0.624296
33.6 0.82725 0.624296
33.8 0.82725 0.624296
34 0.828005 0.610971
34.2 0.828005 0.610971
34.4 0.828005 0.610971
34.6 0.841313 0.578259
34.8 0.861825 0.598238
35 0.861825 0.598238
35.2 0.861825 0.598238
35.4 0.861825 0.598238
35.6 0.861825 0.598238
35.8 0.861825 0.598238
36 0.861825 0.598238
36.2 0.814892 0.558234
36.4 0.814892 0.558234
36.6 0.776708 0.548299
36.8 0.776708 0.548299
37 0.776708 0.548299
37.2 0.776708 0.548299
37.4 0.838791 0.557363
37.6 0.782322 0.612082
37.8 0.84799 0.559037
38 0.84799 0.559037
38.2 0.84799 0.559037
38.4 0.84799 0.559037
38.6 0.84799 0.559037
38.8 0.801939 0.528062
39 0.864526 0.581578
39.2 0.886351 0.586963
39.4 0.833179 0.599039
39.6 0.833179 0.599039
39.8 0.770553 0.635597
40 0.795534 0.620955
40.2 0.806738 0.649154
40.4 0.828254 0.642108
40.6 0.851561 0.598295
40.8 0.851561 0.598295
41 0.877353 0.615032
41.2 0.895297 0.576497
41.4 0.894314 0.632423
41.6 0.894314 0.632423
41.8 0.894314 0.632423
42 0.900979 0.609073
42.2 0.905926 0.590038
42.4 0.922703 0.618081
42.6 0.922703 0.618081
42.8 0.922703 0.618081
43 0.922703 0.618081
43.2 0.929119 0.625263
43.4 0.888049 0.653088
43.6 0.919593 0.636801
43.8 0.929414 0.646104
44 0.908157 0.611874
44.2 0.910464 0.601882
44.4 0.920412 0.57315
44.6 0.947819 0.628117
44.8 0.89668 0.67381
45 0.900675 0.636614
45.2 0.900675 0.636614
45.4 0.900675 0.636614
45.6 0.856922 0.643627
45.8 0.856922 0.643627
46 0.856922 0.643627
46.2 0.856922 0.643627
46.4 0.856922 0.643627
46.6 0.856922 0.643627
46.8 0.809242 0.665536
47 0.768412 0.656493
47.2 0.768412 0.656493
47.4 0.742399 0.643316
47.6 0.742399 0.643316
47.8 0.749212 0.602077
48 0.699464 0.599102
48.2 0.699464 0.599102
48.4 0.696178 0.639035
48.6 0.685752 0.653424
48.8 0.664909 0.633899
49 0.700467 0.597348
49.2 0.725671 0.61561
49.4 0.72473 0.567637
49.6 0.72473 0.567637
49.8 0.745209 0.569949
50 0.782065 0.581632
50.2 0.817927 0.621082
50.4 0.786426 0.622023
50.6 0.786426 0.622023
50.8 0.808263 0.660391
51 0.797746 0.640928
51.2 0.75347 0.659827
51.4 0.7397 0.670637
51.6 0.787721 0.664455
51.8 0.796778 0.634805
52 0.796778 0.634805
52.2 0.829438 0.624548
52.4 0.788598 0.591592
52.6 0.788598 0.591592
52.8 0.818879 0.635549
53 0.818879 0.635549
53.2 0.825987 0.62037
53.4 0.782294 0.658921
53.6 0.80226 0.633508
53.8 0.81651 0.654303
54 0.81651 0.654303
54.2 0.813288 0.662248
54.4 0.813288 0.662248
54.6 0.852777 0.646967
54.8 0.882214 0.634758
55 0.882214 0.634758
55.2 0.882214 0.634758
55.4 0.882214 0.634758
55.6 0.882214 0.634758
55.8 0.872424 0.652338
56 0.878561 0.650606
56.2 0.845603 0.637334
56.4 0.885023 0.623344
56.6 0.875404 0.653565
56.8 0.833665 0.632003
57 0.833665 0.632003
57.2 0.833665 0.632003
57.4 0.804675 0.635088
57.6 0.804675 0.635088
57.8 0.829221 0.668781
58 0.846908 0.643316
58.2 0.831213 0.627099
58.4 0.80982 0.651791
58.6 0.80982 0.651791
58.8 0.80982 0.651791
59 0.80982 0.651791
59.2 0.83659 0.654413
59.4 0.820074 0.635613
59.6 0.820074 0.635613
59.8 0.809442 0.618112
60 0.822917 0.609178
60.2 0.822917 0.609178
