0
-1.13205
-1.13205
-1.20071
-0.585621
-0.585621
-0.971132
-0.142988
-1.13801
-1.13801
-1.13801
-1.13801
-1.13801
-1.15834
-1.22092
-1.22092
-1.30553
-0.955103
-0.955103
-0.955103
-0.94953
-0.94953
-0.493666
0.0414737
-1.09565
-0.863839
-0.863839
-0.863839
-0.863839
-0.863839
0.0760169
-1.02257
-0.382303
1.07412
0.392377
0.506828
0.451416
-0.404429
-1.56166
-1.56166
-0.354878
-1.13609
-1.13609
-1.13609
-0.611294
-0.911559
0.54782
0.358481
1.39578
1.39578
1.39578
0.735615
0.735615
0.735615
1.58139
1.58139
1.58139
0.862689
1.00609
1.2698
1.2698
0.794709
0.794709
0.794709
0.794709
-0.535583
-0.535583
0.34359
0.34359
0.34359
1.59203
0.325797
1.53293
1.53293
0.595223
-0.724522
-0.724522
-0.724522
-0.724522
0.75883
0.75883
1.05405
1.05405
1.04148
0.618481
1.49954
1.49954
1.49954
1.49954
1.49954
0.888634
1.26151
1.26151
0.985606
0.985606
0.985606
0.985606
0.985606
0.985606
1.34004
1.45615
1.57661
1.57661
0.624999
0.402929
-0.47085
-0.991772
-0.953844
-0.892923
-0.892923
0.318355
-0.303977
-1.12401
-1.12401
-1.12401
-1.12401
-1.58766
-1.58766
-1.42194
-0.667618
-0.996473
-1.10355
-1.10355
-1.10355
-1.10355
-0.783622
-0.783622
-1.33331
-0.621651
-1.10287
-1.10287
-0.913276
-0.913276
-0.913276
-0.943157
-1.13887
-1.11731
-1.45247
-1.45247
-1.45247
-1.45247
-1.72927
-0.41796
0.405894
-0.748516
-0.44635
-0.242897
0.489332
1.38309
1.38309
1.48701
0.899166
0.899166
0.899166
0.899166
0.61105
-0.380234
0.744944
0.744944
0.744944
1.26749
1.26749
1.67286
1.39728
1.39728
0.315628
-1.0561
-1.0561
-1.0561
-1.0561
-1.0561
-1.0561
-1.0561
-1.0561
-1.0561
-1.0561
-1.0561
-1.0561
-1.0561
-1.0561
-1.0561
-1.0561
-1.0561
-1.02518
-1.02518
-1.14955
-0.57787
0.695074
0.821718
1.1975
1.1975
1.1975
1.1975
1.1975
1.03973
1.03973
1.07005
1.07005
1.07005
0.603178
0.603178
0.603178
0.603178
-0.322057
1.06811
1.06811
1.06811
1.06811
1.06811
0.91542
0.91542
0.91542
0.91542
0.91542
0.223384
1.29817
1.29817
1.47171
1.47171
1.47171
1.06034
1.06034
1.06034
1.47438
1.47438
1.45513
1.45513
1.45513
0.802682
1.20936
1.24585
1.24585
1.28732
0.668738
0.668738
0.668738
0.668738
0.653466
1.21885
1.16579
1.16579
1.16579
1.16579
1.16579
1.25115
0.997321
0.997321
0.997321
0.997321
0.997321
0.997321
0.997321
0.997321
0.997321
0.997321
0.734422
0.734422
0.734422
0.734422
0.734422
0.734422
1.22438
1.22438
1.22438
1.22438
1.22438
0.583714
-0.487237
-1.63694
-0.691994
-1.14639
-1.14639
-1.14639
-1.14639
-1.14639
-1.14639
-0.934896
-0.934896
0.0903415
-1.21242
-1.21242
-1.21242
-1.21242
-0.819697
-0.819697
-0.713428
-0.713428
-0.713428
-0.713428
0.584965
1.91805
1.91805
1.69623
1.69459
1.69459
1.69459
1.37047
1.40427
1.40427
0.819431
0.819431
0.819431
0.819431
0.819431
1.34663
1.34663
1.13417
1.13417
1.13417
0.848467
1.18039
1.18039
0.597841
1.10669
1.10669
1.10669
1.32796
1.955
1.74894
1.79016
1.79016
0.46189
1.41564
1.41564
1.41564
1.41564
1.41564
1.41564
1.41564
0.960514
0.960514
0.960514
0.960514
0.960514
0.960514
0.960514
0.960514
0.960514
1.25071
1.25071
1.25071
1.25071
1.25071
1.25071
-0.0309178
-0.640202
-0.640202
0.522691
-0.608872
-0.82249
-0.959409
-0.618574
0.318514
0.318514
1.56509
1.02501
1.02501
1.02501
0.713815
1.49294
1.49294
0.851068
0.851068
0.87618
0.87618
0.87618
0.87618
1.45496
1.45496
1.5278
1.5278
1.5278
0.99522
0.99522
0.99522
0.812367
0.812367
0.812367
1.51507
1.51507
1.51507
1.47388
1.47388
0.457602
-0.92651
-1.21723
-1.21723
-1.13667
-1.13667
-1.13667
-1.13667
-1.13667
-1.13667
-1.13667
-1.13667
-1.2363
-1.2363
-0.560386
-1.04379
-1.04379
-1.04379
-1.04379
-1.04379
-1.04379
-1.05846
-1.05846
-0.669237
-0.669237
-0.669237
-0.669237
-1.1274
-1.1274
-1.1274
-1.1274
-1.1274
-1.28831
-1.1011
-1.18128
-1.18128
-1.18128
-1.18128
-1.18128
0.0442675
0.266673
1.64779
1.64779
0.914276
0.914276
0.914276
0.914276
0.914276
0.914276
0.914276
1.32577
1.32577
1.32577
1.32577
1.32577
1.32577
1.32577
0.482558
1.58047
1.58047
0.470217
0.470217
-0.830665
-0.830665
-0.830665
-0.830665
-0.830665
-0.830665
-0.82372
-0.82372
-0.82372
-0.82372
-0.82372
-0.82372
-0.741831
-1.03456
-1.03456
-1.03456
-1.03456
-1.03456
-0.986123
-0.986123
-0.986123
-0.986123
-0.730946
-0.730946
-0.730946
-1.46468
-0.411964
-0.185954
-0.456646
-1.42974
-0.486168
0.936759
0.936759
0.936759
0.936759
0.633558
0.633558
0.633558
0.633558
1.20768
1.20768
0.69891
0.69891
0.69891
0.9913
0.672514
-0.559293
-0.967784
-1.30486
-1.30486
-1.30486
-1.30486
-1.30486
-1.30486
-1.30486
-1.10211
-1.10211
-1.14924
-0.767626
-0.767626
-0.517376
-0.263347
-0.817477
-0.817477
-0.817477
-0.368271
-1.19125
-0.877331
-0.877331
-0.877331
-0.581819
-0.581819
0.345338
0.998109
0.998109
0.998109
0.998109
0.998109
0.998109
0.203722
1.23094
1.23094
1.23094
1.17916
1.17916
1.17916
1.17916
1.17916
0.73404
-0.27374
-0.27374
-1.41644
-1.41644
-1.41644
-1.14852
-1.14852
-0.810938
-1.14723
-1.14723
-1.14723
-1.21056
-1.21056
-1.21056
-1.21056
-1.21056
-1.21056
-0.547852
-1.46409
-1.46409
-1.46409
-1.46409
-0.685311
-1.00909
-1.00909
-1.00909
-0.823817
-0.823817
-0.823817
-0.823817
-0.823817
-0.823817
-0.823817
-0.823817
-0.823817
-0.823817
-0.823817
-0.823817
-0.823817
-0.481317
-0.605815
-0.450304
0.845444
0.845444
-0.318681
-0.424953
-0.424953
-0.358069
0.286665
0.831217
0.831217
0.831217
0.831217
0.831217
0.831217
0.831217
0.820265
0.820265
0.820265
0.820265
0.820265
1.14892
0.970626
0.970626
0.970626
0.970626
0.970626
0.970626
0.970626
0.970626
0.970626
0.970626
0.970626
1.36065
1.36065
1.36065
1.08007
1.00237
0.761935
0.930961
0.930961
0.930961
0.930961
-0.506228
0.52765
0.52765
0.52765
0.52765
0.52765
0.52765
1.69437
1.79364
1.79364
1.79364
1.51339
1.51339
1.75473
1.75473
1.75473
1.75473
0.497286
-0.967611
-0.967611
-0.967611
-0.967611
-0.967611
-0.967611
-0.967611
-0.967611
-0.967611
-0.967611
-0.967611
-0.967611
-1.1073
-1.5939
-1.5939
-1.5939
-1.5939
-0.318618
-0.318618
-0.384895
-1.38915
-0.774321
-0.774321
-0.774321
-0.774321
-0.725827
-1.10605
-1.10605
-1.10605
-1.06489
-1.06489
-1.24174
-1.24174
-1.24174
-1.24174
-1.47303
-1.47303
-1.44394
-0.814118
-0.856829
-0.856829
-0.856829
-1.2119
-0.754971
-0.431872
-1.51576
-1.51576
-0.282777
-1.20097
-1.20097
-1.20097
-1.20097
-1.20097
-1.20097
-1.16807
-1.16807
-1.02202
-1.02202
-1.02202
-0.708739
-0.708739
-0.708739
-1.4345
-1.4345
-1.4345
-0.333365
0.304406
0.673173
1.05545
1.05545
1.05545
0.795038
-0.00966598
0.814086
0.814086
0.814086
-0.637966
-0.772838
-0.772838
-0.772838
-1.07862
-0.51643
0.945651
0.945651
0.945651
1.43746
1.5726
0.966009
0.966009
1.1999
0.928198
1.76893
0.998468
0.998468
0.998468
0.998468
0.926509
0.707509
0.707509
0.707509
-0.434267
-0.417001
-1.6042
-1.6553
-1.6553
-0.271656
0.826866
1.44056
0.647804
-0.106875
0.583712
-0.616303
-0.616303
-0.616303
-0.616303
-1.28189
-1.28189
-0.632785
-1.34193
-1.34193
-1.34193
-1.34193
-1.34193
-1.34193
-1.34193
-1.34193
-1.34193
-1.23025
-1.14521
-1.14521
-1.07803
-1.01142
-1.01142
-1.28583
-1.31073
-0.387124
1.1053
1.1053
1.27277
1.27277
1.27277
0.755716
0.755716
1.63973
1.63973
1.63973
1.63973
1.63973
0.273768
0.312361
0.283879
-0.732086
-0.732086
0.699852
1.31039
1.31039
1.31039
1.31039
1.31039
0.679521
0.679521
-0.161187
0.953484
0.953484
0.953484
0.953484
1.50114
0.743245
0.948849
1.11243
1.15768
1.15768
1.31652
1.31652
1.31652
1.31652
1.31652
1.31652
0.366107
0.311255
-1.05656
-1.05656
-1.05656
-0.807137
-0.807137
-0.807137
-0.807137
0.44372
-0.423504
-0.561927
-0.403647
0.332126
-1.06927
-1.52497
-1.52497
-1.49724
-1.49724
-1.49724
-0.66973
-0.730172
-0.730172
0.505497
1.33359
0.590386
0.590386
0.590386
0.580697
-0.598235
-0.598235
-0.296147
-0.296147
0.362206
1.04755
1.24189
0.752689
0.664815
0.664815
0.664815
0.664815
1.25765
1.25765
1.27507
1.27507
1.27507
1.27507
0.780179
0.780179
0.780179
0.780179
-0.455521
-1.05764
-0.832896
-1.95376
-0.516725
0.96542
0.875158
0.875158
0.870479
0.870479
1.08417
1.08417
1.08417
1.20953
2.10288
1.49469
1.49469
1.69023
1.38299
1.38299
1.38299
-0.109105
-1.456
-0.570022
-1.17937
-1.17937
-1.17937
-1.57786
-1.65198
-1.65198
-1.36536
-1.36536
-0.754502
-0.987613
-0.987613
0.486982
-0.912498
-0.912498
-1.32087
-1.32087
-1.32087
-1.32087
-0.345421
-1.11995
-0.500098
0.615174
-0.772599
0.399754
-0.610099
0.724769
0.724769
-0.422348
-0.962646
-0.864316
-0.864316
-1.16238
-1.03808
-1.03808
-1.03808
-1.03808
-0.959515
-1.56874
-1.56874
-1.56874
-0.658283
-0.658283
-0.596161
-0.596161
-0.596161
0.729139
0.729139
1.02813
1.02813
1.02813
1.02813
1.02813
1.0758
0.701484
0.483452
-0.388938
0.703906
0.819339
0.819339
0.482603
1.22587
1.22587
1.22587
1.22587
1.22587
-0.182407
0.418848
-0.664566
0.831441
0.831441
0.831441
0.831441
0.74393
0.74393
1.09491
1.09491
1.03424
1.03424
1.03424
1.19483
1.19483
0.805826
0.805826
0.652454
0.652454
0.612968
1.39171
1.39171
1.39171
1.39171
1.43517
1.07461
1.07461
1.19131
0.624765
0.573134
1.68814
0.278021
1.45501
1.45501
1.45501
1.45501
1.17541
1.17541
1.56996
0.601951
1.23646
1.23646
1.23646
1.23646
1.23646
1.23646
1.23646
1.55232
1.37594
0.851092
0.851092
1.0778
1.0778
1.0778
1.0778
1.0778
0.807438
0.807438
0.675305
0.675305
0.675305
1.07726
1.07726
1.07726
1.07726
1.07726
0.376415
1.56475
1.56475
1.56475
0.162757
0.690339
0.690339
1.13026
0.694184
0.694184
0.694184
-0.731581
0.282537
0.875513
0.875513
0.875513
0.875513
1.53595
1.53595
1.53595
1.24677
1.38596
0.153024
0.367958
-0.43269
-0.823267
-1.15842
-1.15842
-0.696856
0.719028
0.719028
1.52922
1.44153
1.44153
1.44153
0.589988
1.25348
1.25348
1.25348
1.25348
1.28818
1.40328
1.40328
1.44974
0.399947
0.852149
0.852149
0.852149
0.852149
0.852149
0.852149
-0.627907
-1.32124
-1.32124
-1.82522
-1.82522
-1.82522
-1.82522
-1.84523
-1.84523
-1.41695
-0.462557
-0.474773
-0.337408
1.15383
1.15383
0.600493
0.600493
-0.833007
-0.833007
-0.833007
-0.833007
-0.833007
-0.833007
-0.833007
-0.669292
-0.669292
-0.89618
-0.89618
-0.728927
0.461334
-0.460305
-0.460305
-0.786662
-0.786662
-1.2167
-1.47285
-1.47285
-1.47285
-1.00947
-0.779245
-1.11923
-1.11923
-1.1796
-1.1796
-1.1796
-1.1796
-1.1796
0.224406
-0.388257
-0.388257
-0.70578
-0.70578
0.543443
0.128812
0.555579
0.555579
0.555579
0.555579
-0.875778
-0.875778
-0.875778
-0.875778
-0.875778
-0.957274
-0.957274
-0.957274
-0.957274
-1.16548
-1.16548
-1.16548
-1.16548
-1.16548
-1.16548
-1.16548
-1.16548
-1.16548
-1.16548
-0.888348
-0.457432
0.349084
0.349084
0.423692
0.902622
0.902622
0.902622
1.02604
1.02604
1.02604
1.02604
0.863489
0.863489
0.863489
0.863489
0.863489
1.44609
1.44609
1.44609
1.35872
0.42029
-0.737979
-0.737979
-0.737979
-0.737979
0.613638
-0.567063
-0.567063
-1.01142
-1.1522
-1.58893
-0.868524
-1.02144
-1.02144
-1.02144
-0.796584
-0.64944
-0.64944
-0.64944
-0.600126
-0.600126
0.83799
0.83799
0.83799
0.83799
0.83799
0.83799
0.83799
0.83799
2.06369
0.637819
0.637819
0.637819
0.637819
-0.619937
-0.619937
-0.00367434
1.19163
1.19163
1.07963
1.07963
1.07963
1.07963
0.927788
0.927788
0.941232
0.941232
0.615243
0.186153
0.35237
-0.551197
0.148948
1.07921
1.07921
1.07921
0.896342
0.896342
0.896342
0.896342
1.50257
1.50257
0.40382
1.13817
1.13817
1.13817
1.13817
1.13817
1.13817
1.13817
1.13817
1.13817
1.13817
1.13817
1.13817
0.641161
0.969337
0.969337
1.67198
1.67318
1.67318
1.25747
1.25747
1.60527
1.05792
1.21588
1.21588
1.21588
1.21588
0.405205
0.405205
0.774284
0.774284
0.774284
0.774284
0.774284
1.00921
1.00921
0.6442
0.681198
1.27937
1.27937
0.161138
0.356613
-0.331113
0.687084
-0.795187
-0.795187
-1.47559
-1.70288
-0.287706
0.846198
0.995135
-0.394596
-1.51316
-0.593062
-0.593062
-0.593062
-0.593062
-0.593062
0.273544
0.95056
0.95056
0.95056
0.95056
0.95056
1.41216
1.41216
1.41216
0.708809
1.17167
1.17167
1.29725
1.29725
0.518788
0.75993
0.75993
0.75993
-0.63224
-0.725569
-0.879635
-0.879635
-1.49029
-1.49029
-1.49029
-0.690829
-0.690829
-0.690829
0.765559
1.03497
1.03497
1.03497
1.03497
1.03497
1.03497
1.03497
1.03497
1.03497
1.03497
1.03497
1.03497
1.03497
1.03497
0.553629
1.51642
1.5566
1.5566
0.475075
0.475075
0.475075
-0.460598
0.824699
0.824699
0.824699
0.824699
-0.640857
-1.18721
-1.18721
-1.18721
-1.23715
-1.23715
-1.23715
-1.23715
-0.635128
-0.635128
-0.635128
0.799957
1.29083
1.36141
1.36141
1.04475
1.04475
0.565716
-0.684855
-0.684855
-0.684855
-0.684855
-0.684855
0.612728
0.612728
0.92763
0.92763
1.59283
1.1883
0.845997
0.845997
0.845997
0.291525
0.428653
-0.331413
0.803194
0.803194
0.803194
0.803194
0.803194
1.18945
1.18945
1.18945
1.18945
1.18945
1.18945
1.06739
1.06739
0.77284
0.77284
-0.666124
-0.666124
-0.666124
-0.666124
-1.60341
-1.60341
-1.60341
-1.79346
-1.55454
-0.858045
-0.761842
-0.761842
0.0978897
1.22998
1.22998
1.22998
1.22998
1.17402
1.17402
1.17402
1.17402
1.17402
1.17402
1.3957
1.3957
0.519677
0.808343
-0.511306
-0.511306
0.596499
0.596499
0.557879
1.11454
1.11454
1.11454
0.602839
1.47409
1.47409
0.620612
1.16439
0.355983
0.355983
-0.324625
-1.40946
-1.04439
-1.04439
-1.04439
-1.04439
-0.612182
0.819474
0.839752
0.839752
1.2591
1.33323
1.33323
0.436066
0.64104
1.03628
1.03628
1.03628
1.03628
1.03628
1.03628
1.03628
0.944733
0.944733
-0.415572
-0.415572
-0.415572
-0.0765746
-1.13399
-1.13399
-1.13399
-1.34834
-0.733586
-0.733586
0.467811
-0.638861
-0.638861
-0.638861
-0.638861
-0.342994
-1.07897
-0.434217
-0.642161
-1.26104
-1.26104
-0.523544
-0.523544
0.437919
-0.856832
-0.856832
-1.09185
-0.705978
-0.899741
-0.899741
-0.899741
-0.734069
-0.505821
0.370372
0.370372
0.370372
-0.338809
-0.301234
-1.63066
-0.848576
0.346184
-0.178559
0.859819
0.859819
1.19543
0.151688
1.5712
1.31582
1.31582
1.31582
0.667487
0.667487
0.667487
-0.617673
-0.617673
-0.617673
-1.01799
-1.01799
-1.01799
-1.01799
-1.17109
-1.17109
-1.17109
-0.536263
-0.536263
-0.602157
-0.602157
-0.29086
0.297653
0.0386462
-0.964017
-0.964017
-0.964017
-0.610936
-0.610936
-0.994425
-1.15354
-1.15354
-1.15354
-1.44135
-1.44135
-1.3487
-1.3487
-0.976335
-1.94459
-1.94459
-1.6223
-1.6223
-1.6223
-1.4724
-1.54533
-1.32994
-1.32994
-1.74405
-0.672627
-0.672627
0.514697
0.429889
-0.730431
-0.730431
-1.73412
-1.73412
-1.1099
-0.658067
-1.51632
-0.678742
-1.09768
-1.09768
-1.09768
-1.09768
-1.09768
-1.09768
-1.09768
-1.09768
-1.09768
-0.444326
-0.192851
-1.60558
-1.60558
-1.48148
-0.503004
-0.503004
-0.143109
0.405487
0.495028
0.495028
1.45056
1.45056
1.45056
1.45056
1.45056
0.903418
0.903418
0.903418
0.903418
0.903418
0.555053
0.573934
-0.383372
0.641601
1.80774
0.315065
-0.85268
-0.85268
-0.85268
-0.85268
-0.85268
-0.85268
-0.85268
-0.85268
-0.85268
-0.85268
-0.85268
-0.85268
-0.85268
-0.85268
-0.861837
-0.861837
-0.861837
-0.861837
-1.70254
-0.774041
-0.224456
0.0506641
0.0468584
-0.157112
0.711713
0.711713
0.711713
0.711713
0.711713
0.711713
0.711713
0.801835
0.801835
0.801835
0.801835
0.801835
0.801835
1.38962
1.38962
1.3031
0.615642
0.615642
0.615642
-0.604991
-0.604991
-0.604991
-0.892984
-0.892984
-0.892984
-0.892984
-0.892984
-0.781603
-0.781603
-0.781603
-0.781603
-0.781603
-1.34169
-1.20978
-1.20978
-1.03011
-0.52623
0.00344576
-1.22679
-1.22679
-1.22679
-1.20873
-1.24086
-1.24086
-1.24086
-1.24086
-1.24086
-0.872237
-0.872237
-0.872237
-0.872237
-0.872237
-0.798612
-1.61839
-0.979082
-0.979082
-0.979082
-0.626005
0.788771
1.30361
1.30361
1.30361
1.30361
1.30361
1.0488
1.0488
-0.375828
0.430049
0.430049
-0.806237
-1.3356
-1.3356
-1.3356
-0.144643
0.339383
1.68851
1.68851
1.68851
1.68851
0.393815
1.44392
1.44392
1.44392
0.990574
0.990574
0.990574
0.990574
0.566398
1.51075
1.51075
0.90431
0.90431
0.90431
0.90431
0.90431
1.50756
1.50756
0.663625
0.663625
0.332009
1.39534
0.562041
0.876284
0.698418
0.698418
0.580181
1.76176
1.60473
1.60473
1.2519
1.2519
0.997656
0.96061
0.730046
0.730046
0.818622
0.818622
0.818622
1.12351
1.12351
1.22117
1.22117
0.632193
1.11812
1.11812
1.11812
1.11812
1.2516
1.2516
0.74767
0.74767
0.74767
0.74767
0.74767
1.15594
1.15594
0.924664
1.10401
1.10401
1.10401
0.135165
1.46545
0.638669
-0.630756
-0.630756
-0.683707
-0.683707
-2.08866
-2.08866
-2.08866
-2.08866
-2.08866
-2.09998
-1.53564
-0.371332
-1.57623
-1.57623
-0.718606
-0.718606
-0.718606
-1.11296
-0.87083
-0.87083
-1.12894
-1.12554
-1.12554
-1.12554
-1.12554
-0.538139
-0.538139
-0.538139
0.842423
0.842423
1.26118
1.26118
1.26118
1.26118
1.26118
1.09255
1.09255
1.09255
1.09255
1.09255
1.09255
1.09255
1.09255
1.09255
0.896564
0.896564
0.534228
0.534228
0.534228
0.534228
1.67285
1.67285
1.67285
1.48081
0.553188
0.553188
1.34266
1.43246
1.43246
1.43246
0.866281
0.545783
0.763407
0.913056
1.36365
1.1609
1.1609
1.1609
1.24429
1.24429
1.24429
1.20778
1.20778
1.41453
1.17269
1.17269
0.912667
0.912667
0.912667
0.912667
0.912667
0.912667
0.912667
0.912667
0.912667
0.912667
0.912667
0.912667
0.912667
0.912667
0.912667
0.912667
0.912667
0.912667
0.912667
0.912667
-0.283738
-0.559295
-1.10538
-1.10538
-1.10538
-1.10538
-1.10538
-1.10538
-1.10538
-0.563431
0.76528
0.76528
-0.715362
-0.708208
-0.708208
-1.11474
-1.11474
-1.11474
-1.11474
-1.56484
-1.28175
-1.28175
-1.28175
-0.966195
-0.966195
-0.966195
-0.966195
-1.22035
-1.22035
-1.22035
-0.616705
-1.65714
-1.65714
-1.65714
-1.65714
-1.65714
-1.65714
-1.65714
-1.75584
-1.75584
-1.75584
-1.8474
-0.567316
-0.567316
-1.07162
-1.07162
-1.07162
-1.07162
-1.07162
-1.07162
-1.07162
-1.07162
-0.656111
-0.523125
-1.22625
-1.22625
-1.22625
-1.22625
-1.22625
-1.22625
-1.22625
-1.22625
-1.15046
-0.959404
-0.959404
-0.959404
-0.959404
-0.959404
-0.959404
-0.959404
-0.959404
-0.857396
-1.44717
-1.24119
-1.24119
-1.24119
-1.24119
-1.24119
-1.24119
-1.06313
-0.884781
-0.884781
0.42263
0.812279
0.87913
0.87913
1.60568
0.624776
1.29515
1.29515
1.29515
1.29515
1.05102
0.95564
0.95564
0.95564
0.868133
1.08229
1.08229
1.08229
0.607849
0.607849
0.607849
1.39464
1.39464
0.486827
-0.74997
-0.926917
-0.926917
-0.926917
-0.926917
0.0522868
-1.30096
-1.30096
-1.30096
-1.30096
-1.21434
-1.21434
-1.21434
-1.21434
-1.21434
-1.21434
-1.21434
-1.18472
-1.18472
-1.18472
-1.18472
-1.18472
-1.18472
-1.18472
-1.2333
-1.2333
-1.113
-1.113
-1.03586
-1.03586
-0.936521
-0.936521
-0.229354
-0.247919
-0.840041
-0.840041
-0.840041
-0.840041
-0.840041
-0.46545
-1.59017
-1.59017
-0.694448
-0.694448
-0.694448
-0.694448
0.273276
-0.582486
-1.32306
-1.32306
-1.32306
-1.24276
-1.26583
-1.26583
-1.78394
-1.78394
-1.78394
-1.0964
-1.0964
-1.0964
-1.0964
-0.856439
-0.856439
-0.856439
-0.856439
-0.856439
-0.856439
-0.836562
-1.03481
-1.03481
-1.03481
-1.03481
-1.16991
-1.16991
-0.810384
-0.621376
-0.621376
-0.621376
0.397736
1.69326
1.69326
1.69326
0.512166
-0.811608
-0.811608
-0.811608
-1.0223
-1.0223
-1.0223
-1.0223
-1.0223
-1.0223
-1.0223
-1.0223
0.433821
0.433821
-0.554608
-0.856628
-0.856628
-0.992932
-0.992932
-0.992932
-0.992932
-0.992932
-0.992932
-0.992932
-0.992932
-0.992932
-0.992932
-0.992932
-0.992932
-0.992932
-0.995674
-0.995674
-0.995674
-0.995674
-0.995674
-1.3948
-1.11875
-1.11875
-1.237
-0.873682
-0.563466
-1.33843
-0.894187
-0.894187
-0.894187
-0.894187
0.435494
0.797834
0.673005
0.673005
0.673005
0.673005
0.673005
1.11231
0.762002
0.762002
-0.564655
0.799849
1.60351
0.582273
0.582273
0.582273
0.582273
0.582273
0.582273
0.582273
1.60638
1.60638
1.38695
1.38695
1.38695
-0.0628021
1.27828
0.80358
1.27256
0.628213
0.628213
0.628213
0.754803
1.0732
1.0732
1.0732
1.0732
1.0732
1.0732
1.0732
1.0732
1.0732
1.40705
0.418859
0.602519
1.52748
1.52748
1.38759
0.711662
-0.706302
-0.706302
0.648139
0.648139
-0.15466
0.131553
-0.405113
-1.08718
-0.668315
-0.465109
-0.465109
-1.69829
-0.863734
-0.863734
-0.863734
-1.18778
-1.18778
-1.18778
-1.18778
-0.934068
-0.934068
0.562417
0.562417
0.562417
1.12355
1.12355
1.12355
1.12355
0.851085
0.851085
0.851085
0.994324
0.994324
0.994324
0.822051
0.822051
0.822051
0.822051
0.822051
0.822051
0.822051
0.822051
0.822051
0.822051
0.822051
0.822051
0.822051
0.822051
-0.321492
-1.22185
-0.367857
-1.39007
-1.39007
-1.39007
-1.39007
-0.886634
-0.284689
-1.38105
-1.38105
-1.38741
-1.38741
-1.11012
-0.944321
-1.11483
-1.11483
-0.870225
-0.741515
-0.741515
-1.61519
-1.79314
-1.52023
-1.52023
-1.52023
-0.61259
-0.61259
0.783046
0.783046
0.783046
1.00085
1.00085
1.00085
1.00085
1.00085
-0.421483
-0.232033
1.16283
1.16283
1.16283
1.16283
1.16283
0.0789457
1.22572
1.24009
1.24009
1.24009
1.24009
1.24009
1.17579
1.11543
1.53943
1.53943
1.12781
0.67948
0.67948
0.67948
0.67948
1.37684
1.37684
1.37684
1.08179
1.08179
0.830299
0.830299
1.13785
-0.25725
-0.326022
-0.326022
-0.326022
-0.321707
0.930263
0.930263
1.24485
1.24485
1.24485
1.24485
0.64425
0.64425
1.21233
1.41046
1.41046
1.41046
1.59473
1.47794
0.927168
0.927168
0.927168
-0.266581
1.20529
1.98069
1.98069
1.98069
1.2532
1.2532
0.962616
1.42044
0.846622
0.846622
1.30253
1.30253
1.30253
1.30253
1.30253
0.737562
-0.651665
-0.651665
-0.845581
-1.70699
-1.62033
-1.62033
-1.62033
-1.46721
-1.46721
-1.46721
-1.46721
-0.201632
-0.180976
-0.461645
-0.443007
-1.1574
-1.26186
-1.38109
-0.0271027
0.321558
-0.813961
-1.22001
-1.22001
-1.22001
-1.22001
-1.22001
-1.22001
-1.22001
-1.22001
-1.06641
-1.06641
0.196651
1.10036
0.96991
0.96991
0.96991
0.96991
0.96991
0.96991
0.96991
1.343
1.343
1.343
1.19165
1.19165
1.07066
1.07066
1.154
1.154
1.154
1.154
0.383318
-1.01959
-0.774838
-0.774838
-0.774838
0.70916
1.07883
1.14078
1.60709
1.60709
1.60709
0.196243
-0.931535
-0.931535
-0.931535
-0.931535
-1.60708
-0.652603
-0.652603
-1.68321
-0.436524
0.747704
0.652774
-0.71172
-0.71172
-0.71172
-0.71172
-0.941692
-0.981928
-0.981928
-0.981928
-0.981928
-0.981928
-0.983349
-0.983349
-0.983349
0.0556253
0.173522
-0.603035
0.336614
1.27676
0.993962
0.993962
0.993962
0.863912
0.863912
-0.326229
0.449254
0.449254
0.449254
1.67516
0.588161
1.73243
1.73243
1.73243
0.773644
1.5005
0.645754
0.645754
0.645754
1.15145
1.15145
1.662
1.662
1.662
1.662
1.662
1.5132
0.587642
0.587642
0.167201
0.306945
0.993535
0.993535
1.12131
1.12131
1.12131
1.12131
1.12131
1.12131
1.12131
1.12131
1.12131
1.24
1.24
1.24
0.217248
1.06303
1.06303
1.06303
1.06303
1.28111
1.21851
1.21851
1.21851
1.21851
1.21851
0.812883
0.812883
0.812883
0.812883
1.06744
0.379684
1.0966
1.0966
1.0966
0.68434
0.68434
0.517548
-0.429416
0.813925
0.813925
0.813925
0.813925
0.261221
0.65204
0.65204
0.314551
1.72934
1.72934
1.72934
1.72934
1.72934
1.51461
1.51461
1.10251
1.10251
1.10251
1.10251
1.10251
1.10251
1.10251
1.10251
1.10251
0.864857
1.80604
1.65057
1.09777
1.09777
1.09777
1.11846
1.41759
1.41759
0.975624
0.975624
0.975624
0.975624
0.975624
0.975624
-0.39829
0.294579
0.294579
-0.917634
-0.917634
-0.917634
-0.917634
-0.917634
-0.917634
-0.917634
0.518777
1.53608
1.2045
1.2045
1.2045
1.2045
0.586216
0.774713
-0.398075
-0.398075
0.897333
0.897333
0.897333
0.897333
1.0856
1.3455
1.08025
1.08025
1.08025
1.08025
1.08025
1.08025
0.957704
0.187154
0.231
1.51106
1.15537
0.860879
1.23178
1.0163
1.0163
1.0163
0.878056
0.878056
1.62397
0.726194
0.477796
0.247391
0.938742
0.938742
0.938742
0.938742
0.898947
1.33513
1.33513
1.38179
0.813439
0.813439
0.813439
1.36918
1.36918
0.663696
0.663696
0.663696
0.663696
0.663696
0.703355
0.703355
0.703355
0.703355
0.703355
0.703355
0.703355
0.754804
-0.147865
0.913266
0.617469
0.617469
-0.755793
-0.755793
-1.36303
-0.563521
0.478622
-0.56205
-0.973617
-0.973617
-0.973617
-0.973617
-0.973617
-0.973617
-1.54782
-0.86727
-0.86727
-0.86727
-0.86727
-0.86727
-0.877999
-0.877999
-0.877999
-0.877999
-0.877999
-0.877999
-0.487402
-0.487402
-0.487402
-1.1097
-0.624185
-0.624185
-0.47338
0.852313
-0.562629
0.81709
-0.470474
-1.31931
-1.31931
-1.31931
-1.31931
-0.903252
-0.903252
-0.0736861
-0.443404
0.683526
0.683526
0.725191
1.34266
1.34266
0.500394
1.52562
0.390349
1.64811
1.64811
1.64811
0.779
1.5328
1.5328
0.89685
0.89685
1.22986
1.22986
1.04762
1.04762
1.04762
0.833936
0.753734
0.272836
-0.512367
0.472629
0.223423
-0.841804
-0.841804
-0.841804
-0.841804
-0.841804
-1.30551
0.148562
-1.00555
-0.35721
0.772042
0.772042
0.772042
0.772042
0.772042
0.772042
1.04063
1.04063
1.04063
1.04063
1.04063
1.04063
1.04063
1.04063
1.13818
1.13818
1.13818
1.38856
0.813541
0.885286
0.885286
-0.601949
-0.601949
-0.601949
-0.601949
-1.55179
-1.55179
-1.55179
-1.55179
-1.55179
-1.55179
-1.55179
-0.322783
-0.61846
-0.61846
-1.42019
-0.49195
-1.50217
-1.74578
-0.694
-0.694
-0.694
0.506769
-0.9732
-0.9732
-0.9732
-0.9732
-0.9732
-1.68532
-0.361294
0.206159
0.473822
0.473822
-0.457937
-1.47893
-1.47893
-0.58488
-1.53215
-1.0465
-1.0465
-1.62366
-1.69582
-1.69582
-0.515224
-0.515224
-0.515224
-0.742358
-0.354383
-1.68418
-1.68418
-1.46813
-1.46813
-1.46813
-0.842618
-0.842618
-0.850027
-0.850027
-0.850027
-0.850027
0.389979
0.661904
0.661904
0.661904
0.661904
0.661904
0.661904
1.07056
1.07056
-0.382598
0.156893
-1.04916
-1.04916
-0.894125
-0.894125
-0.894125
-0.894125
-0.894125
-1.17595
-1.17595
-1.17595
-1.17595
-0.450049
0.826765
1.60916
0.857881
0.857881
0.857881
0.857881
0.857881
1.4811
1.4811
1.4811
1.4811
1.4811
1.4811
1.4811
1.4811
1.4811
0.522593
-0.533277
-0.533277
-1.05019
-1.05019
-1.05019
-1.0293
-1.0293
-1.0293
-1.0293
-1.0293
-1.0293
-1.0293
-1.0293
-1.0293
-1.0293
-1.0293
-1.0293
0.231932
-1.18155
-0.975341
-0.975341
-0.975341
-0.975341
-0.975341
-0.975341
-0.975341
-0.975341
-0.975341
-0.503589
-1.4161
-0.11656
0.982271
0.982271
0.982271
0.385566
0.356347
1.64576
1.64576
1.64576
0.193552
1.02871
1.02871
1.02871
1.02871
1.02871
1.02871
1.02871
1.02871
1.02871
-0.253851
-0.236956
0.624668
0.624668
-0.0293617
0.940372
-0.44517
0.531077
1.38797
0.620641
0.373187
0.0348638
0.0365664
0.913286
0.913286
0.913286
-0.532517
-0.573693
-0.573693
-0.573693
0.918558
0.918558
0.216082
1.36373
1.36373
0.799494
0.799494
0.850926
0.443092
0.255565
-1.13022
-1.13022
-1.13022
-1.13022
-1.31207
-1.44201
-0.609387
-0.609387
-1.18955
-1.18955
-1.18955
-1.18955
-1.34769
-1.10997
-0.263468
-0.961641
-0.961641
-0.316868
0.328398
-0.632505
-0.862248
-0.862248
-0.862248
-0.862248
-0.862248
-0.862248
-0.862248
-0.862248
-0.862248
-0.862248
-0.862248
-0.862248
-0.521973
-0.314657
-0.647927
-0.647927
-0.647927
-0.647927
-0.647927
-0.647927
-0.647927
-0.647927
0.472245
0.472245
0.472245
-0.391723
-1.30626
-1.49594
-1.49594
-1.49594
-0.36151
-1.00546
-0.919677
-0.919677
-0.919677
-0.781578
-0.781578
-1.14411
-1.14411
-1.14411
-0.490748
0.759268
0.759268
0.759268
0.0830137
1.17836
1.17836
0.979655
0.979655
0.979655
0.979655
0.979655
0.938998
1.2689
1.2689
1.2689
1.2689
1.2689
1.2689
1.03204
1.03204
1.12441
1.12441
-0.339637
-0.339637
1.02754
0.763146
0.870527
0.543615
0.996438
0.996438
0.996438
0.996438
1.17124
1.17124
1.17124
1.17124
1.17124
1.17124
1.17124
1.17124
1.17124
1.17124
-0.120906
-1.13396
-1.13396
-1.13396
-1.13396
-1.13396
-1.13396
-1.13396
-1.13396
-1.13396
-1.13396
-1.06865
-1.06865
-1.06865
-1.06865
-1.06865
-1.06865
-0.801459
-0.631141
0.727234
0.16447
1.42299
1.42299
1.42299
1.42299
1.42299
1.42299
1.21702
1.21702
1.21702
1.29624
1.29624
1.60571
1.60571
1.08056
1.08056
1.08056
1.08056
0.814753
1.0701
1.0701
1.0701
-0.410766
-0.930941
-1.319
-1.34275
-1.34275
-1.34275
-1.34275
-1.34275
-0.435729
0.854363
0.854363
0.535387
0.535387
0.773825
0.539331
0.786128
0.786128
0.786128
-0.469553
0.435271
-0.812233
-0.812233
-0.812233
-0.645216
0.0276514
1.15463
1.15463
1.15463
1.15463
1.28932
0.684106
0.883005
0.919687
0.919687
0.919687
0.919687
0.919687
0.919687
0.759978
-0.593326
-0.410128
-1.41078
-1.2441
-1.2441
-0.772783
-0.277511
-1.0354
-1.0354
-1.61466
-0.526798
-0.526798
0.909598
0.909598
0.729598
0.729598
0.744096
0.744096
0.744096
-0.679675
0.584782
0.927832
0.927832
0.927832
0.927832
0.79456
-0.391811
-0.391811
0.666991
0.666991
0.666991
0.666991
0.666991
0.524873
1.73474
1.00355
1.00355
1.00355
1.00355
1.00355
0.748151
0.748151
0.748151
0.748151
0.748151
0.748151
-0.74718
-0.74718
-0.943267
-0.943267
-0.943267
-0.943267
-1.01982
-1.01982
-1.01982
-1.01982
-1.01982
-1.23273
-1.42991
-1.56304
-1.0144
-0.934983
-0.934983
-0.934983
-0.934983
-0.934983
-0.934983
-0.934983
-0.934983
-0.20013
-0.144577
-0.524072
-0.998799
-0.998799
-0.998799
-0.998799
-0.998799
-0.998799
-0.998799
-0.998799
-0.619458
0.685842
0.685842
1.744
1.744
1.01231
0.877294
0.877294
0.877294
0.877294
-0.4111
-1.26732
-1.26732
-0.701964
-0.902389
-1.66724
-1.66724
-1.02133
-1.02133
-0.854591
-0.854591
-0.854591
-1.29406
-1.43112
-0.119634
1.1191
0.9915
0.9915
0.9915
0.513119
0.513119
0.513119
-0.560032
-0.560032
-1.12821
-1.12821
-1.07987
-1.07987
-1.07987
-0.996543
-1.33734
-0.871272
-0.538573
-0.538573
-1.17532
-1.09371
-1.09371
-1.09371
-1.09371
-1.50271
-0.686094
-0.686094
0.47049
1.47701
0.949831
0.949831
0.949831
0.949831
1.11071
1.11071
1.11071
1.11071
1.11978
1.11978
0.951689
0.951689
0.951689
0.951689
0.951689
1.04276
1.04276
1.35525
0.762949
1.43088
1.21736
1.21736
1.21736
1.16089
0.838763
1.11903
1.11903
1.11903
1.11903
1.01748
1.01748
1.01748
-0.35294
-0.595559
-1.36282
-1.36282
-1.36282
-1.36282
-1.36282
-1.36282
-1.36282
-1.36282
-1.32598
-1.32598
-0.824533
-1.11537
-0.920263
-0.920263
-0.920263
-0.704427
-0.704427
-1.7367
-1.7367
-1.1891
-0.619969
-0.906299
-1.27335
-1.27335
-0.741312
-0.741312
-0.338103
-0.546184
-0.780275
-0.780275
-0.780275
0.503976
0.884275
0.884275
0.884275
0.884275
0.884275
1.22081
0.822508
0.822508
0.822508
0.822508
0.822508
0.822508
0.822508
0.822508
0.822508
0.843112
0.870287
0.264463
1.15874
1.15874
1.15874
1.15874
1.15874
1.15874
0.961936
0.961936
0.961936
0.961936
1.19512
1.19512
0.704629
0.704629
-0.77209
-0.506936
-0.506936
-0.443487
0.413217
0.741518
0.741518
-0.710497
-0.710497
-0.710497
-0.710497
-0.710497
-0.710497
-0.710497
-0.574321
-0.574321
-0.431632
-1.47382
-1.42317
-0.950674
-0.950674
-0.950674
-0.950674
-0.877287
-0.877287
-0.877287
-0.842449
0.00459088
0.582743
0.582743
0.582743
0.502861
1.81313
0.494876
0.494876
-0.729947
-0.108507
0.56751
0.56751
1.17402
0.906199
0.906199
0.906199
0.906199
0.914022
0.914022
0.914022
0.914022
0.914022
0.914022
-0.514203
0.454526
1.39793
1.0389
1.0389
0.86586
0.86586
0.86586
0.86586
1.24028
1.24028
0.880436
0.880436
0.880436
0.880436
1.06997
1.06997
1.5284
1.5284
1.5284
0.0775396
1.4712
1.4712
0.948597
0.948597
0.948597
0.948597
0.948597
0.948597
0.948597
0.948597
0.759784
1.18146
0.620851
0.620851
1.29105
1.29105
1.29105
1.21601
1.04949
1.04949
0.690037
0.474893
-0.779046
-1.16698
-0.135386
-0.115932
-1.47244
-1.47244
-1.47244
-0.425826
-1.53613
-1.53613
-1.53613
-1.53613
-1.53613
-1.53613
-1.53613
-1.53613
-0.992155
-1.09503
-1.09503
-1.18736
-1.18736
-1.18736
-1.18736
-1.61748
-1.61748
-1.61748
-1.58557
-1.58557
-1.40431
-1.40431
-1.75826
-1.75826
-1.75826
-1.48768
-1.48768
-1.48768
-0.582857
-0.58549
-0.58549
-0.615576
-0.615576
-0.55021
-0.0153518
-0.451598
-0.451598
0.870056
0.870056
1.56233
1.21019
0.233953
-0.26307
-0.757353
-0.208065
-0.681951
-0.681951
0.545588
0.545588
1.58261
1.58261
1.56262
1.36353
1.36353
0.272444
0.771027
0.771027
0.771027
0.771027
0.771027
0.771027
0.261103
-0.166676
-0.374349
-0.374349
0.381936
-0.794991
-0.794991
0.374389
-0.89211
-1.18618
-1.01155
-1.01155
-1.01155
-1.01155
-1.01155
-0.952678
-1.14065
-1.14065
-0.6777
-0.62853
0.500657
0.500657
0.500657
0.500657
1.46098
1.14222
1.14222
1.14222
0.922746
0.922746
0.922746
1.11168
1.68784
0.595797
0.595797
0.595797
1.60642
1.60642
1.60642
1.60642
1.02936
1.02936
1.02936
1.02936
1.02936
1.02936
1.02936
1.02936
1.02936
0.822137
-0.467027
0.639505
0.639505
-0.133865
0.254228
-0.302185
-1.04903
-1.04903
-0.858613
-0.858613
-0.858613
-0.342073
-0.293698
-0.293698
0.533672
0.533672
0.821713
0.821713
0.83027
0.83027
0.83027
0.972681
0.476713
1.57755
1.57755
1.1808
1.1808
1.1808
1.09706
1.09706
1.09706
1.4149
1.51365
1.51365
1.51365
1.51365
1.51365
1.51365
0.578041
0.812233
1.01748
1.01748
1.01748
1.01748
1.01748
1.01748
1.01748
1.01748
1.01748
1.01748
0.0183839
-0.987215
-0.987215
-0.987215
-0.987215
-0.987215
-1.66155
-1.66155
-0.94363
-0.776992
-0.748506
-0.748506
-0.989927
-0.989927
-0.989927
-0.989927
-0.989927
-0.989927
-1.46626
-0.407418
-1.33066
-1.33066
-1.33066
-1.33066
-1.25672
-1.32771
-1.32771
-0.797906
-0.797906
-0.225019
-0.536082
-0.536082
-1.40082
-1.40082
-1.09297
-0.810783
0.389219
-0.790408
-0.699663
0.617599
0.803944
0.803944
-0.674325
-0.674325
-0.674325
-0.674325
-0.674325
-0.948776
-0.948776
-1.66514
-1.57108
-1.57108
-1.57108
-1.57108
-1.57108
-0.92866
-0.669958
-0.906899
-0.906899
-1.2081
-1.2081
-0.529083
0.792622
0.792622
0.792622
0.792622
0.792622
1.1573
1.1573
0.93904
1.12197
1.12197
0.500686
1.21894
1.21894
1.21894
0.484802
0.907511
0.907511
1.37092
1.37092
1.37092
1.08829
1.08829
1.08829
1.08829
0.898616
0.898616
0.898616
0.898616
0.898616
0.862724
0.862724
-0.530566
-0.530566
-0.673991
0.687477
0.902921
0.902921
0.902921
1.18885
1.05684
1.05684
1.05684
1.05684
1.05684
0.145328
0.744251
0.744251
0.744251
0.744251
0.744251
1.09629
1.09629
1.15086
1.15086
1.15086
1.4173
1.4173
1.4173
1.41244
1.32372
0.361786
0.778288
0.778288
0.778288
0.462211
0.750952
1.41901
0.646737
-0.620667
0.732721
1.47025
0.764064
0.764064
0.764064
-0.661911
-0.862429
-0.862429
-0.862429
-0.862429
-0.862429
-1.1019
-1.1019
-1.1019
-1.22342
-0.529902
-1.43946
-1.43946
-1.43946
-1.02879
-1.02879
-1.43485
-1.43485
-1.43485
-1.23696
-1.23696
-1.30765
-1.22711
-1.22711
-1.22711
-1.22711
-1.22711
-1.13515
-0.407719
-0.336217
0.192262
1.63588
0.883332
0.883332
0.883332
1.02156
1.02156
1.0335
1.0335
1.04425
1.04425
1.04425
1.30075
1.30075
1.25026
1.67303
1.67303
1.09411
1.09411
1.09411
1.09411
1.09411
1.09411
1.09411
1.09411
1.09411
1.09411
0.872125
0.872125
0.872125
0.872125
0.872125
0.872125
1.27187
1.27187
1.22162
1.22162
1.22162
1.72882
0.43744
-0.867518
-0.867518
-0.867518
-0.867518
-0.867518
-0.867518
-0.867518
-0.867518
-0.658866
-1.13161
-1.13161
-0.931488
-0.931488
-0.931488
-0.931488
-0.931488
0.0161558
0.990659
0.990659
0.971477
0.992286
0.992286
0.992286
1.01284
1.01284
1.01284
1.01284
1.01284
1.01284
1.01284
1.01284
0.714594
0.714594
0.714594
0.714594
-0.555128
-0.59511
-0.59511
0.892074
0.892074
0.892074
1.14012
1.14012
1.14012
1.14012
1.14012
1.14012
1.14012
0.644041
0.644041
0.644041
0.644041
1.3595
1.3595
0.750344
0.750344
1.15681
0.600809
-0.496688
-1.06152
-1.06152
0.419558
0.419558
0.422852
0.422852
1.42583
1.42583
0.310106
0.310106
1.4855
1.09168
1.09168
1.09168
0.898199
0.898199
0.898199
0.898199
0.898199
0.898199
0.898199
0.898199
0.898199
0.898199
0.898199
0.898199
0.898199
0.898199
0.902345
0.648828
0.87659
0.87659
0.87659
0.87659
1.34793
1.4245
0.534332
0.534332
0.534332
-0.645738
-0.807769
-0.395096
-1.66832
-1.66832
-1.14451
-1.14451
-1.14451
-1.14451
-1.14451
-1.14451
-0.92779
-0.92779
-0.92779
-0.92779
-0.92779
-0.92779
-1.40566
-1.54513
-1.5445
-1.5445
-1.22649
-1.22649
-1.22649
-0.59319
-1.40717
-0.631608
-0.631608
0.840113
0.840113
0.840113
0.957846
0.957846
0.957846
0.957846
1.1794
1.1794
1.1794
0.865203
0.865203
0.865203
-0.543229
-0.543229
-0.0972511
-0.502589
-0.502589
0.124433
-0.835322
0.633782
0.88072
0.88072
0.88072
0.88072
0.88072
0.88072
0.88072
0.88072
0.88072
0.88072
0.88072
0.88072
1.0789
1.0789
1.0789
1.00808
1.01052
1.01052
-0.286186
0.474548
1.4099
1.06479
1.06479
1.06479
1.30403
0.873551
0.873551
0.873551
1.80011
1.76438
0.623179
1.51285
0.492802
1.26051
1.26051
1.26051
1.26051
1.26051
1.26051
1.22939
1.22939
1.22939
1.9884
1.86964
1.2921
1.11747
1.11747
1.11747
1.11747
1.11747
1.11747
1.11747
0.333143
1.73854
0.427742
1.71871
1.71871
0.767536
0.767536
1.06825
1.06825
1.06825
1.06825
1.46852
1.46852
1.46852
1.46852
0.868448
0.868448
0.868448
0.868448
0.868448
0.868448
0.868448
0.868448
0.868448
0.868448
0.868448
1.5546
1.5546
1.5546
1.5546
0.284585
1.623
1.41133
2.08535
1.65075
1.65075
1.65075
1.65075
0.348183
-0.519615
-0.843419
-1.59665
-1.59665
-1.59665
-1.76404
-1.03941
-1.03941
-1.05318
-0.531593
-0.531593
-0.531593
-0.92432
-0.92432
-0.92432
-0.92432
-0.92432
-0.92432
-1.09411
-1.09411
-1.09411
-1.09411
-0.750142
-0.750142
-0.750142
-0.750142
-1.47165
-1.47165
-1.47165
-1.47165
-1.47165
-1.47165
-1.47165
-1.47165
-1.47165
-1.48273
-0.877529
-0.877529
-0.75696
-0.89028
-0.89028
-0.660661
-0.963104
-0.963104
-0.963104
-0.963104
-0.963104
-1.29862
-1.29862
-0.639931
-1.37784
-0.664478
-0.664478
-0.664478
-0.664478
0.800966
0.94384
0.94384
0.94384
0.94384
0.94384
0.94384
0.94384
0.94384
1.22219
0.79311
0.79311
0.79311
1.28365
1.1445
1.32272
1.32272
0.685986
0.757313
0.757313
0.757313
0.757313
0.741766
0.741766
1.25073
1.23861
1.23861
0.771395
0.771395
0.771395
-0.679154
-1.28302
-0.555524
-1.17011
-1.17011
-1.17011
-1.17011
-1.17011
-1.20825
-1.20825
-1.01813
-1.27388
-1.27388
-1.27388
-0.904788
-0.904788
-0.904788
-0.904788
-1.18196
-1.18196
-1.1414
-1.1414
-0.29707
0.832468
0.832468
0.832468
1.52734
0.334165
1.49663
0.918839
0.59249
0.919526
0.97269
0.97269
1.02353
1.33223
1.33223
1.33223
1.33223
1.33223
1.3869
1.3869
1.3869
0.375391
-1.0642
-1.0642
-0.773659
-0.773659
-1.38126
-1.38126
-1.38126
-0.454754
0.542358
0.542358
0.542358
1.30054
1.30054
1.33767
1.33767
1.33767
1.33767
1.33767
1.16077
1.16077
1.16077
1.23461
1.23461
1.36646
0.816346
0.57613
0.356566
1.5203
1.5203
1.5203
1.19142
1.04709
1.04709
-0.0300295
-0.241192
1.10935
1.10935
1.10935
1.10935
1.10935
0.742931
-0.739582
-0.739582
-0.739582
0.552152
0.552152
1.16886
0.915751
0.915751
0.915751
1.4883
1.4883
1.4883
1.31097
1.35835
1.35835
1.35835
1.35835
1.34
1.34
0.486982
0.486982
0.486982
-0.140437
0.692303
0.161343
-0.576513
-0.576513
-1.337
-1.337
-1.03594
-1.69083
-1.74871
-1.74871
-1.32737
-1.32737
-1.22723
-1.22723
-1.22723
-1.48973
-1.27688
-1.27688
-1.27688
-1.06729
-1.06729
-1.06646
-1.20897
-0.868881
-0.868881
-1.09231
-1.09231
-0.741065
-0.741065
-1.20634
-0.961304
-0.961304
-0.961304
-0.961304
-0.961304
-0.961304
-0.961304
-1.42282
-1.42282
-1.62631
-1.62631
-0.662765
-1.17802
-1.53198
-1.53198
-1.08942
-1.08942
-1.08942
-1.08942
-1.75903
-1.75903
-0.431508
-0.431508
-1.0416
-1.0416
-0.976438
-1.50202
-1.38632
-1.38632
-1.64191
-0.47727
0.729079
0.729079
1.1848
0.936707
0.936707
0.936707
0.987952
0.987952
0.987952
0.987952
0.496055
-0.161321
-0.871603
-0.871603
-0.871603
-0.572448
-1.79505
-1.79505
-1.79505
-1.03868
-0.832643
-0.832643
-0.832643
-0.832643
-0.832643
-0.653988
-0.506527
-0.506527
-0.506527
0.821079
0.821079
0.858417
1.08326
1.08326
0.942827
0.942827
0.942827
0.384361
1.23035
1.23035
1.23035
0.894944
0.894944
0.894944
0.894944
0.894944
0.894944
0.902455
1.21961
1.21961
0.797513
0.939534
0.864667
0.864667
1.49937
1.49937
0.336548
1.58045
0.620318
0.620318
1.6602
1.6353
1.5945
1.63718
0.186083
1.53254
1.53254
1.32783
1.32783
1.32783
1.32783
0.504673
0.478287
-0.226318
0.735527
0.101005
1.53463
1.53463
1.53463
1.53463
0.147531
0.364456
-0.150501
1.20805
0.743337
-0.607582
0.517658
0.349091
0.54001
0.906511
0.364539
0.931802
0.931802
0.513908
0.513908
1.08905
1.08905
1.02109
1.63804
1.63804
1.63804
1.60245
1.60245
1.39913
0.901746
0.901746
0.901746
0.901746
0.517447
0.517447
0.517447
1.54925
1.54925
1.54925
1.54925
1.54925
1.54925
1.54925
1.54925
1.07294
1.07294
1.17696
1.19599
0.273929
1.59168
0.682833
0.682833
0.328749
0.411506
0.411506
-0.56808
-1.07688
-1.07688
-0.307026
-1.44676
-1.44676
-1.63159
-0.952972
-0.952972
-0.952972
-0.952972
-0.952972
0.205778
0.270731
0.100218
-0.656959
-0.656959
-0.887577
-0.887577
-0.887577
-0.887577
-0.887577
-0.780228
-0.570028
-0.570028
-1.30851
-1.30851
-1.30851
-0.486152
-0.486152
-0.9447
-1.19192
-0.680845
-1.00759
-1.08995
-1.08995
-1.27743
-1.04953
-1.04953
-1.04953
-1.04953
-1.21958
-1.21958
-1.21958
-1.21958
-0.69362
-0.741077
-0.741077
-1.23229
-1.07131
-0.70184
0.363778
0.363778
-0.405806
-0.521118
-0.521118
-0.521118
-0.521118
-0.863102
-1.53809
-1.53809
-1.53809
-1.53809
-1.43506
-1.36957
-1.36957
-1.36957
-0.424994
-1.21147
-1.21147
-0.531119
-0.531119
-0.692334
-1.46871
-1.46871
-1.46871
-1.46871
-1.46871
-1.46871
-1.03352
-1.05551
-1.05551
-1.14606
-1.14606
-1.14606
-1.40549
-0.950767
-1.31306
-0.649437
-1.19995
-1.19995
-1.19995
-1.19995
-1.19995
-1.19995
-1.19995
-1.19995
-1.19995
-1.19995
-1.19995
-1.19995
-1.19995
-1.19995
-1.19995
-1.19995
-1.19995
-1.19995
-1.19995
-0.527704
-1.03987
-1.03987
-1.03987
-1.03987
-0.90201
0.486727
-0.246985
-0.235589
-1.12408
-1.12408
-0.756743
-0.756743
-0.756743
0.652384
0.652384
0.652384
0.413786
1.02212
1.02212
1.02212
1.02212
1.02212
1.13138
1.13138
1.80787
1.80787
1.80787
1.80787
1.29097
0.856681
0.856681
0.936741
0.936741
0.936741
0.936741
0.936741
-0.494836
-0.801351
-0.801351
-0.801351
0.159861
0.0474955
-0.299209
-1.16133
-1.16133
-1.16133
-1.16133
-1.16133
-0.334161
-0.334161
0.359745
-0.352796
0.554927
1.31805
1.79541
1.34658
0.48068
1.42043
1.42043
1.42043
1.42043
1.42043
1.42043
1.63732
1.06055
-0.0717206
-0.990327
-0.971341
-0.971341
-0.971341
-0.692131
-0.59493
-0.59493
-0.59493
-0.59493
-1.12711
-1.12711
-1.13029
-1.13029
-1.13029
-1.04043
-1.04043
0.170694
-0.406931
-1.17893
-1.33391
-0.658901
-0.658901
-0.928162
-0.928162
-0.927899
-1.80907
-1.72082
-1.72082
-1.72082
-1.72082
-1.72082
-1.27285
-1.27285
-1.27285
-1.27285
-1.25238
-1.25238
-1.16484
-1.3128
-1.3128
-1.0378
-1.0378
-1.0378
-1.23799
-0.506304
0.948166
0.948166
0.948166
1.0685
0.674413
0.674413
0.674413
0.436625
0.618094
0.618094
-0.645544
-0.645544
0.457706
0.750995
0.750995
0.750995
0.91223
1.19559
1.19559
1.19559
1.19559
1.19559
1.34187
1.34187
1.5025
0.377757
0.606062
0.606062
0.606062
0.606062
0.967662
0.739447
0.739447
0.739447
0.739447
1.12428
1.12428
1.12428
1.12428
1.12428
1.12428
1.12428
1.12428
1.12428
1.12428
1.12428
0.731386
1.08753
1.60915
0.748811
0.748811
0.748811
0.590243
0.590243
0.590243
1.39314
1.39314
0.543146
1.20257
1.20257
1.19921
0.721076
-0.475414
-0.475414
0.869738
0.448544
0.271264
-0.393246
0.415289
0.415289
1.52449
0.554056
-0.502904
0.656367
1.08411
1.26741
1.26741
1.26741
0.871328
0.547449
0.547449
0.547449
0.547449
0.547449
1.02797
1.02797
1.02797
0.523958
0.523958
0.523958
0.523958
0.803489
0.695561
0.695561
1.0918
1.0918
1.01139
1.03247
1.03247
-0.236245
0.793069
0.730043
0.420357
0.303469
0.834282
0.834282
0.834282
0.887113
1.34956
0.570056
-0.484722
-0.961899
-0.890291
-0.890291
-0.890291
-0.546625
-1.39346
-1.09545
-0.534244
0.882517
0.852656
0.852656
0.852656
0.852656
0.852656
0.852656
1.58243
0.590844
0.590844
0.590844
0.590844
0.590844
-0.679703
-0.679703
-0.595936
-0.876818
-0.876818
-0.95357
-1.28101
-1.28101
-0.930762
-0.764971
-0.789353
-0.789353
-0.789353
-1.35442
-1.12312
-1.12312
-1.12312
-1.12312
-1.0599
-1.0599
-1.0599
-1.0599
-1.0599
-1.0599
-1.0599
-1.30936
-1.30936
-1.63141
-1.76867
-1.43727
-0.899925
-1.00192
-1.00192
-1.00192
-1.00192
-1.00192
-1.00192
-1.00192
-1.00192
-1.00192
-1.00192
-1.48544
-1.48544
-1.48544
-1.48544
-1.48544
-1.48544
-0.853503
-0.543253
-0.543253
-0.598492
-0.592349
-0.592349
0.354674
0.262781
-0.88545
-1.08577
-1.08577
-0.990678
-0.990678
-0.990678
-0.990678
-0.689295
-0.689295
-0.689295
-1.17794
-1.17794
-1.17794
-0.728598
-0.728598
-0.728598
-0.619163
-0.619163
-0.971256
-0.510963
-0.510963
-1.83755
-0.544031
-0.544031
-0.544031
-1.38603
-1.38603
-0.503996
-1.54019
-1.54019
-1.54019
-1.32144
-1.32144
-1.32381
-0.541543
-0.541543
-0.541543
-1.05277
-1.05277
-1.05277
-1.05277
-1.18092
-1.18092
-1.18092
-1.18092
-0.649958
-1.6013
-0.10796
0.143389
1.19108
0.762028
1.10379
1.10379
1.10379
1.10379
1.10379
1.10379
1.10379
1.10379
1.18965
1.163
1.163
0.927335
0.927335
1.09419
1.15808
1.04066
1.04066
1.04066
1.04066
1.04066
1.04066
1.04066
1.71042
0.611708
0.611708
0.611708
1.09735
1.09735
0.444771
-0.736921
-0.736921
-0.736921
-0.736921
-0.831016
-0.831016
-0.831016
-0.831016
-1.58336
-1.58336
-0.706963
-0.706963
-0.842244
-0.628354
-0.863509
-0.863509
-0.863509
-0.863509
-1.00455
-0.0859313
1.15201
1.15201
0.848509
-0.560971
0.595036
0.595036
0.83737
1.2614
0.751501
0.751501
0.751501
-0.441372
0.702699
1.43236
1.43236
1.43236
0.637183
1.45187
1.45187
1.45187
1.45187
1.45187
1.45187
1.03083
1.14426
1.14426
0.644561
0.644561
0.644561
1.30248
1.30248
1.30248
1.30248
1.30248
0.215786
0.520236
0.520236
0.797201
1.14213
1.14213
1.14213
1.14213
1.14213
1.14213
1.14213
1.06011
1.06011
1.06011
1.06011
0.544684
0.544684
-0.282164
-1.19937
-1.19937
-1.4843
-1.4843
-1.4843
-1.74586
-1.08677
-0.700813
-0.700813
-0.301011
-0.301011
0.617346
0.617346
0.705799
0.705799
0.705799
0.705799
0.283923
1.32956
1.32956
1.32956
1.32956
1.32956
1.32956
0.273156
-0.156639
0.622998
0.622998
0.622998
0.622998
0.802639
0.512184
-0.581993
-1.48737
-0.605086
0.404814
-1.0436
-1.0436
-1.0436
0.428914
1.1616
1.1616
1.1616
1.1616
1.1616
1.1616
1.1616
1.1616
1.1616
-0.185295
-0.823343
-0.823343
-0.823343
-0.885462
-0.885462
-1.16917
-1.16917
-1.16447
-1.16447
-1.16447
-1.16447
-1.16447
-1.65716
-1.65716
-1.65716
-1.22454
-1.22454
-1.22454
-1.22454
-1.22454
-1.22454
-1.22454
-1.22454
-1.35244
-1.46258
-1.46258
-1.46258
-1.46258
-1.46258
-1.46258
-0.503942
-1.18929
-1.18929
-1.18929
-1.29557
-1.29557
-1.29557
-1.29557
-0.731754
-0.510224
-1.46274
-1.46274
-1.46274
-1.46274
-0.566134
-0.566134
-1.19513
-0.573326
-0.573326
0.819995
0.819995
0.97206
0.97206
1.24395
1.38032
1.38032
1.38032
1.38032
1.38032
1.38032
1.38032
1.38032
1.27003
1.27003
1.27003
0.633322
1.16825
1.16825
1.16825
1.16825
1.16825
1.16825
1.16825
1.16825
1.16825
-0.219189
-0.452628
-0.744892
-0.744892
-1.06283
-1.06283
-0.355958
-0.355958
-1.45522
-1.45522
-1.45522
-0.808544
-1.32707
-0.902388
-0.902388
-0.766505
-0.766505
-0.766505
-1.31741
-1.01228
-0.593452
-0.593452
-0.424883
-1.08411
-1.08411
-1.08411
-1.08411
-1.08411
-1.08411
-1.08411
-1.08411
-1.08411
-1.08411
-1.45945
-1.45945
-1.45945
-1.45945
-1.45945
-0.849252
-0.750249
-1.07904
-1.07904
-1.07904
-1.07904
-1.07904
-1.07904
-1.07904
-1.07904
-0.930369
-0.935787
-0.935787
-0.935787
-0.935787
-0.935787
-0.927452
-0.927452
-0.927452
-0.927452
-0.927452
-1.72114
-1.26638
-1.26638
-0.797328
-0.797328
-1.1791
-1.08308
-1.08308
-0.811576
-0.811576
-0.811576
-0.811576
-1.07363
-1.07363
-1.07363
-1.07363
-0.539112
-1.90902
-1.86834
-1.37868
-1.37868
-0.813833
-0.813833
-0.76153
-0.76153
-0.76153
-0.76153
-0.76153
-0.76153
-0.76153
-0.76153
0.703904
0.703904
-0.756529
-0.61409
-0.61409
-0.61409
0.672984
0.672984
0.672984
0.672984
0.672984
0.353789
1.19914
1.19914
0.764821
0.764821
1.61674
1.61674
1.61674
0.650917
0.00537685
-0.0812339
0.375106
0.952668
0.952668
0.952668
0.952668
0.952668
0.933323
0.922105
0.890056
-0.517016
-1.04076
-1.04076
-1.04076
-0.0326475
-0.0660688
-0.0311354
-1.45872
-1.45872
-1.56736
-1.56736
-1.56736
-0.880283
-0.880283
-0.880283
-0.880283
-0.880283
-0.880283
-0.880283
-1.48718
-1.53098
-0.860459
-0.860459
-0.860459
-0.860459
-1.11763
-1.12457
-1.12457
-1.12457
-1.12457
-1.12457
-1.50142
-1.09685
-0.770221
-0.770221
-0.770221
-0.991013
-0.991013
-0.676171
-0.676171
0.145493
0.362297
-0.64692
-0.64692
-0.64692
-0.622008
-0.775619
-0.775619
-1.18422
-1.60021
-1.06256
-1.06256
-1.06256
-0.816845
-0.816845
-0.257806
-0.257806
-0.257806
-1.49185
-1.12498
-1.12498
-1.12498
-1.11559
-1.36601
-1.36601
-0.764267
0.733151
1.11094
1.11094
1.11094
-0.334972
0.572518
0.572518
0.308405
1.20688
1.20688
1.20688
0.0919325
0.0763883
1.08012
1.26464
0.936317
0.936317
0.892439
0.34073
0.936614
0.936614
0.936614
0.928266
1.08189
1.08189
0.593583
0.593583
0.593583
-0.611406
-0.611406
-1.05792
-0.739317
-0.739317
-0.739317
-0.739317
-1.4203
-1.4203
-1.4203
-0.95916
-0.95916
-1.24475
-1.24475
-1.24475
-0.990883
-0.990883
-1.07046
-1.07046
-1.07046
-1.07046
-1.07046
-1.07046
-1.07046
-1.07046
-0.826013
-0.826013
-0.581087
0.637537
0.896231
1.25892
1.25892
0.761834
0.761834
0.761834
-0.454682
-0.454682
-1.39488
-0.0402972
1.45775
1.45775
1.45775
0.479535
1.24888
0.6151
-0.82535
-0.82535
-1.07333
-1.35845
-1.35845
-1.14677
-1.14677
-0.997729
-0.944988
-1.15476
-1.15476
-1.15476
-1.15476
-0.881218
-0.881218
-1.5499
-1.5499
-1.5499
-1.5499
-0.244437
-0.613474
0.623741
1.57307
1.57307
1.57307
1.57307
1.57307
1.57307
1.57307
1.57307
1.57307
1.57307
0.106172
0.280939
1.53447
1.53447
1.53447
1.56694
1.70539
1.11765
1.11765
1.11765
1.11765
1.11765
1.11765
1.12537
1.11551
1.11551
1.11551
1.11551
1.11551
1.11551
1.11551
1.11551
1.11551
0.731963
0.731963
0.731963
0.942131
0.942131
0.942131
0.942131
0.942131
0.942131
0.942131
0.572644
0.572644
-0.887832
-1.36817
-1.42599
-1.42599
-1.42599
-1.02397
-1.02397
-1.02397
-1.02397
-1.02397
-1.02397
-1.02397
-1.02397
-0.543615
-0.787038
-0.787038
-0.787038
-0.59106
-0.59106
-1.51748
-1.51748
-1.38746
-1.38746
-1.00799
-1.00799
0.461171
-0.996579
-0.996579
-0.996579
-0.996579
-0.996579
-1.19753
-1.24712
-1.24712
-1.24712
-1.24712
-0.164681
1.0617
1.0617
1.0617
0.79359
1.27799
1.27799
1.2776
1.2776
1.2776
0.594524
-0.842867
-0.465186
0.979399
0.979399
0.979399
0.979399
0.979399
0.979399
0.979399
-0.369277
-1.04605
-0.679337
-0.368466
1.0268
-0.447236
-1.20996
-1.20996
-1.20996
-1.20996
-1.47829
-1.27845
-1.27845
-1.27845
-1.55563
-0.675502
0.683556
1.5762
0.572559
0.572559
-0.472766
0.62047
1.50743
1.58626
0.560787
0.560787
0.560787
0.891212
0.971221
1.03193
1.03193
1.03193
1.03193
1.03193
1.03193
1.03193
1.03085
1.03085
0.123289
1.28018
0.560343
0.516704
1.24933
1.24933
1.24933
0.940863
-0.197269
1.05276
1.05276
1.05276
1.05276
1.05276
0.612608
0.612608
0.612608
0.612608
1.23616
1.23616
1.07132
1.0197
1.0197
1.0197
1.0197
1.0197
1.0197
1.0197
1.0197
1.0197
1.0197
0.488765
1.30923
1.30923
1.01786
1.01786
1.01786
1.01786
-0.382231
-0.382231
-1.10363
-1.10363
-1.10363
-1.10363
-1.10363
-0.721027
-0.721027
-0.721027
-1.08741
-1.08741
-1.08741
-1.08741
-1.08741
-0.506664
-0.506664
-1.07233
-0.894793
-0.894793
-0.833999
-0.833999
-0.89037
-1.2274
-1.2274
-1.2274
-1.2274
-0.705038
-1.12355
-1.24638
-1.24638
-1.24638
-1.24638
-1.24638
-1.24638
-1.24638
-1.5748
-1.09084
-1.09084
-0.616005
-1.75302
-1.75302
-1.33357
-0.650645
-0.70401
-0.70401
-0.70401
-0.988992
-0.988992
-0.988992
-0.988992
-0.988992
-0.988992
-0.988992
-0.988992
-1.58008
-1.36761
-1.36761
-0.358312
-1.1222
-1.1222
-1.1222
-1.1222
-1.22099
-1.22099
-1.22099
-1.22099
-1.22099
-1.22099
-1.22099
-0.600909
-0.600909
-1.50731
-1.50731
-1.50731
-1.31924
-1.31924
-1.31924
-1.31924
-0.974518
-1.04236
-1.04236
-0.682307
0.800531
0.459809
1.49186
1.49186
1.49186
0.478607
-0.896923
-0.92378
-0.92378
-0.92378
-0.92378
-0.92378
-0.92378
-0.92378
-0.92378
-0.92378
-0.92378
-0.92378
-0.983402
-0.983402
-0.983402
-0.818472
-0.703153
-1.06376
-0.942448
-0.942448
-0.942448
-0.6935
-0.6935
-1.24147
-0.516417
-0.516417
0.515512
1.06169
1.06169
1.06169
1.06169
0.800314
0.800314
0.800314
-0.338509
-1.75804
-1.75804
-1.75804
-1.75804
-1.75804
-1.05939
-1.05939
-1.05939
-1.05939
-1.05939
-1.24763
-1.24763
-1.41414
-1.41414
-1.41414
-1.41414
-1.41414
-1.41414
-1.41414
-1.41414
-0.855926
-0.855926
-0.855926
-0.855926
-0.855926
-0.855926
-0.855926
-0.855926
-0.955096
-0.955096
-1.00612
-1.00612
-1.00612
-0.739821
0.497829
-0.973021
-0.973021
-1.08046
-1.08046
-1.08046
-0.937275
0.31869
0.31869
1.55
1.71088
0.926858
0.926858
0.926858
0.926858
0.926858
0.926858
0.926858
0.930326
0.930326
0.930326
0.930326
1.00692
1.00692
1.00692
1.00692
1.00692
0.621427
0.621427
1.10082
1.10082
1.10082
1.10082
-0.316886
-1.61239
-1.61239
-1.84724
-1.84724
-1.84724
-0.496783
-0.508118
0.325875
0.325875
0.419808
-0.86245
-0.363015
-0.0301331
0.772973
0.772973
0.772973
0.772973
0.772973
0.541495
1.10906
1.23055
0.382428
0.0583069
0.370474
1.23234
1.23234
1.23234
1.23234
1.23234
0.782889
0.830228
0.830228
1.20262
1.20262
1.20262
1.0025
-0.470069
-1.3182
-1.3182
-1.09135
-1.09135
-1.09135
-1.09135
-1.09135
-0.826766
-1.76095
-1.76095
-1.604
-1.45178
-1.45178
-1.46639
-1.46639
-0.673382
0.520558
0.520558
-0.746854
-1.11434
-0.613845
-1.48911
-0.631818
-0.631818
-0.887266
-0.887266
-1.1241
-1.1241
-1.1241
-1.1241
-1.1241
-1.18746
-0.454142
-0.454142
-1.23209
-1.17297
-1.14164
-1.14164
-1.14164
-1.14164
-1.14164
-1.14164
-1.14429
-1.14429
-0.121635
0.0206378
-0.23935
-0.23935
-1.27497
-1.27497
-1.27497
-1.27497
-1.27497
-1.27497
-1.27497
-0.712453
-0.54162
0.852267
0.852267
0.950804
0.950804
0.305148
1.04105
1.04105
0.559363
-0.415649
0.587945
0.587945
-0.555215
-0.555215
-0.555215
0.11212
-0.499506
0.887792
0.887792
0.887792
0.887792
0.887792
0.887792
1.42905
1.42905
1.42905
0.894687
0.894687
0.894687
1.31605
0.475053
1.41946
1.41946
1.41946
1.55079
0.157045
-0.445499
-0.445499
-0.652876
-0.652876
0.829071
0.829071
0.188695
0.0072229
-0.582386
-0.582386
-1.12295
-1.12295
-1.12295
-0.54657
-0.54657
-0.54657
-0.951077
-0.951077
-0.810684
-0.810684
-1.20896
-0.680591
0.107107
-0.662923
0.69483
0.69483
0.69483
0.69483
0.69483
1.18014
1.18955
1.18955
1.18955
1.18955
1.18955
1.18955
1.18955
1.2859
1.70083
0.80516
0.80516
0.80516
0.80516
0.504491
0.282911
1.00836
1.00836
1.00836
1.00836
0.521032
0.938627
0.938627
0.938627
0.938627
0.938627
1.3666
1.3666
1.58423
0.967962
0.967962
0.967962
0.967962
-0.500021
-0.500021
-1.21382
-1.21382
-1.21382
-1.21382
-1.21382
-1.21382
-1.21382
-1.21382
-0.600887
0.762997
0.762997
0.762997
0.762997
-0.728293
0.623413
0.623413
0.623413
1.54492
1.34034
1.34034
1.34034
1.34034
0.410613
1.81676
1.81676
1.81676
1.81676
1.81676
1.37628
1.37628
0.993104
0.993104
1.11457
1.11457
1.11457
0.280861
-0.0251435
0.110947
0.810989
0.810989
0.810989
0.810989
0.810989
1.4632
1.4632
0.138796
-0.847379
-0.847379
-0.847379
-0.465084
-1.19825
-1.19825
-1.19825
-0.0474911
-1.21805
-1.21805
-1.21805
-0.613622
-0.613622
-1.55969
-1.66823
-1.66823
-0.432864
-1.39392
-1.39392
-1.39392
-1.39392
-1.75977
-0.563959
-0.563959
-1.10966
-1.10966
-1.10966
-0.836901
-0.836901
-0.836901
0.447703
0.447703
1.61492
0.935922
0.704104
1.37494
1.37494
0.580736
0.580736
1.46047
1.46047
1.50296
0.503107
0.503296
0.383858
-0.479302
-1.92041
-1.92041
-0.89987
-0.89987
-0.209825
1.1624
-0.179753
1.04209
1.04209
1.04209
0.963627
0.963627
0.963627
-0.430078
-0.430078
0.702101
0.702101
1.16182
0.571282
-0.571945
-0.839024
-0.839024
-0.839024
-0.839024
-0.839024
-1.88832
-1.88832
-1.03799
-1.03799
-1.03799
-0.638516
-0.638516
-0.638516
-0.839126
-0.839126
-0.839126
-0.839126
-1.51696
-1.35076
-1.35076
-0.535497
-0.535497
0.860448
0.860448
0.951874
0.951874
0.951874
-0.47604
0.511081
0.601571
0.949645
0.949645
1.18739
0.523406
0.245435
0.969707
0.494045
-0.860194
-0.860194
-0.860194
-1.05262
-1.23099
-1.05772
-1.05772
-1.05772
-1.05772
-1.05772
-1.0822
-1.0822
-1.0822
-1.0822
-1.0822
-1.0822
-1.0822
-0.679342
-0.679342
-0.998362
-0.998362
-0.998362
-1.00084
-1.00084
-1.00084
-0.542864
-0.933237
-0.933237
-1.26686
-1.26686
-1.26686
-1.26686
-1.26686
-0.706861
-1.43672
-1.43672
-1.43672
-1.43672
-1.43672
-0.552401
0.527292
0.90758
-0.205189
0.638777
1.12642
1.12642
0.691718
0.691718
0.849249
0.849249
2.11315
0.632437
0.516251
0.516251
0.516251
1.24488
-0.0553824
1.38348
1.15624
1.58607
0.751539
0.751539
0.751539
0.751539
0.751539
0.751539
0.751539
1.58176
0.743788
0.960188
0.960188
0.960188
0.960188
0.607158
-0.844156
-0.844156
-0.990229
-0.990229
-0.770813
-0.770813
-0.572143
-1.40634
-1.40634
-1.05563
-1.20664
-1.20664
-1.20664
-1.41946
-1.41946
-1.34678
-1.34678
-1.34678
-1.34678
-0.715107
-1.12695
-1.12695
-1.12695
-1.12695
-1.12695
-1.12695
-0.912198
-0.912198
-0.63143
-0.63143
0.832915
0.832915
1.07834
1.07834
1.352
1.352
1.352
1.44409
1.09746
0.817514
1.34852
1.34852
1.34852
0.847751
1.1242
1.1242
1.1242
1.1242
0.290776
-0.442804
-0.117134
0.724331
-0.761977
-0.965805
-0.661045
-0.661045
-0.704864
-0.704864
-0.704864
-0.704864
-1.29781
-1.29781
-0.205503
-1.13659
-1.13659
-1.13659
-1.84327
-0.713381
-0.713381
-0.713381
-0.850526
-0.850526
-0.850526
-0.850526
-0.850526
-0.850526
-0.64768
-0.64768
-0.64768
0.83475
0.83475
0.83475
0.968647
0.968647
0.968647
1.14618
0.903979
0.903979
1.26244
0.271197
0.271197
-0.823224
-0.823224
-0.823224
-0.823224
-0.823224
-0.823224
-0.901804
-0.901804
0.344611
-0.235012
-0.69193
-1.20767
-1.20767
-1.20767
-1.20767
-1.02848
0.337854
0.337854
1.51876
1.16945
1.16945
1.25413
1.25413
1.25413
0.89471
1.66157
0.83595
0.83595
1.56586
1.56586
1.56586
0.389516
0.389516
0.56348
0.56348
0.56348
1.1241
1.1241
1.1241
1.1241
1.1241
1.1241
0.789649
0.789649
1.53031
0.176889
-0.246616
-1.72145
-1.72145
-1.72145
-1.45402
-1.46511
-0.795979
0.148271
1.45907
0.142553
-1.22273
-1.22273
-0.856135
-0.856135
0.641507
-0.652864
-0.652864
-0.652864
-0.652864
-1.24431
-1.28098
-0.618151
-0.618151
-0.837699
-0.412703
-0.015489
-0.632528
-0.632528
0.557871
0.557871
0.557871
0.381616
-0.306238
-0.306238
-0.750043
0.659125
0.583214
0.629889
0.629889
0.629889
0.540153
0.540153
1.00185
1.00185
0.992019
0.992019
0.992019
-0.244027
-0.223435
-1.49711
-1.49711
-1.49711
-0.727747
-0.727747
-0.727747
-0.727747
0.581083
-0.812423
-1.31582
-1.31582
-0.808738
0.186804
-0.78769
-0.78769
-0.925219
-0.925219
-0.925219
-0.925219
-0.925219
0.0857997
0.891053
0.891053
0.737928
0.737928
1.1916
1.1916
1.1916
1.1916
1.1916
1.1916
1.1916
1.1916
1.1916
1.1916
1.1916
1.1916
1.1916
0.164239
-0.111723
-0.947741
-1.04929
-1.15856
-1.15856
-1.15856
-1.15856
-1.4398
-0.221893
0.0515219
-0.335877
-1.24549
-1.24549
-1.24549
-1.24549
-1.46321
-1.24
-1.24
-1.28945
-1.28945
-1.28945
-1.28945
-1.28945
-1.28945
-0.869038
-0.869038
-0.308166
-1.47386
-1.47386
-1.47386
-1.47386
-1.47386
-0.833192
-0.833192
-0.899677
-0.899677
-0.899677
-0.899677
-0.899677
-0.899677
-0.899677
-0.899677
-0.902461
0.0125956
0.83375
0.83375
0.525049
1.03828
1.07474
1.07474
0.794674
0.794674
0.794674
0.794674
0.794674
0.61244
0.61244
0.61244
0.61244
0.61244
1.24675
0.375077
-0.939489
-0.718741
-0.718741
0.566022
0.566022
1.38118
0.745898
0.745898
1.45796
0.233307
0.180648
1.07486
0.848664
0.564079
0.564079
0.669419
-0.451885
-1.35981
-1.35981
-1.35981
-0.482791
0.656539
0.656539
0.82983
0.82983
0.82983
1.33986
1.33986
1.33986
1.11455
1.11455
1.11455
1.11455
1.11455
0.993749
0.993749
1.57274
1.57274
1.24027
1.18764
1.16652
1.16652
1.16652
1.16652
0.0142653
1.37208
1.40225
1.15406
1.15406
1.15406
1.42146
1.42146
1.42146
1.42146
1.42146
1.01262
1.01262
0.903644
0.903644
0.903644
0.903644
1.00097
1.00097
1.00097
1.00097
1.00097
1.00097
1.00097
1.1858
1.1858
1.1858
1.1858
1.07977
1.03855
1.03855
1.13402
0.544026
0.544026
1.75294
1.54472
1.45615
1.31791
1.31791
1.31791
0.890549
0.890549
0.890549
0.890549
0.890549
0.755065
0.755065
0.755065
0.755065
1.33358
1.33358
0.459121
0.459121
1.21284
1.21284
1.21284
0.467427
-0.622058
-1.36727
-1.36727
-1.36727
-1.40733
-1.40733
-0.892387
-0.892387
-0.892387
-0.401808
-1.43869
-1.43869
-1.43869
-1.43869
-1.43869
-1.07982
-1.07982
-1.07982
-0.709361
-0.709361
-0.709361
0.683651
0.683651
0.864855
0.146331
-1.29872
-1.70243
-1.70243
-1.70243
-0.889672
-0.889672
-0.931478
-0.931478
-1.85682
-1.3924
-1.3924
-1.3924
-1.3924
-0.443697
1.01718
0.490747
0.490747
0.490747
-0.63257
0.828733
0.980882
1.46658
1.46658
1.46658
1.12445
1.12445
1.12445
1.12445
1.12445
1.37007
1.37007
0.683572
0.461141
0.461141
0.461141
-0.660629
-1.36436
-1.36436
-1.22401
-1.10782
-1.10782
0.311415
-0.6829
-1.41644
-0.658086
-0.907052
-0.907052
-0.907052
-1.49937
-1.49937
-1.03698
-1.03698
-1.03698
-0.560912
-0.80866
-0.80866
-0.80866
-0.80866
0.441098
0.492663
-0.678682
-0.727305
0.55053
1.24954
1.24954
0.59234
0.59234
0.59234
0.169669
0.0985126
1.08895
1.08895
1.08895
1.08895
1.08895
1.09236
1.09236
1.48116
1.35419
1.35419
1.35419
1.35419
1.69766
1.48772
0.645604
-0.736818
-0.706201
-0.724821
-0.724821
-0.724821
-0.724821
-0.45493
0.333156
-1.03011
-1.03011
-1.27753
-1.27753
-0.740366
-0.740366
-1.27067
-0.550379
-0.199228
1.01316
0.892161
0.892161
0.892161
0.877728
0.877728
0.877728
0.877728
0.877728
0.877728
0.877728
0.877728
0.877728
1.58636
0.564864
0.564864
1.07425
0.908972
0.908972
0.908972
0.908972
0.908972
-0.470218
-0.54823
-0.87382
-0.87382
-0.87382
-1.06972
-0.695314
0.47094
-0.853745
-0.853745
-0.853745
-0.853745
-0.853745
-0.499885
-0.983441
-0.983441
-0.983441
-0.983441
-0.94588
-0.94588
-0.94588
-0.94588
-0.94588
-0.94588
-0.94588
0.0175399
-0.780696
0.501651
0.501651
0.653606
0.653606
0.653606
0.783605
0.783605
0.783605
1.09499
1.09499
1.09499
1.44401
1.44401
1.44401
1.44401
1.12431
1.18983
0.645031
0.645031
0.645031
0.645031
0.645031
0.494303
-0.217168
-0.43941
-1.01247
-1.01247
-1.01247
-1.01247
-1.01247
-1.01247
-1.01247
-1.01247
-1.01247
-1.01032
-1.03775
-1.03775
-1.58732
-1.58732
-1.58732
-1.33327
-1.33327
-2.11998
-1.47792
-0.703798
-0.703798
-1.39435
-1.39435
-0.614454
-0.614454
0.807998
0.484918
-0.070632
1.17327
0.884561
1.11206
1.11206
1.11206
1.11206
1.11206
1.11206
1.11206
1.11206
1.11206
1.11206
1.37123
1.57582
1.04083
1.04083
0.103026
0.0522365
-0.416481
0.569249
0.569249
0.569249
0.569249
0.569249
-0.81722
-0.81722
-0.81722
0.0474854
-0.531273
-0.116734
-0.828003
-0.828003
-0.828003
0.566222
0.566222
0.566222
0.566222
0.712983
0.6822
0.6822
0.376752
-0.640798
-0.640798
-1.18474
-0.797497
-0.797497
-0.797497
-0.797497
-0.49321
-0.49321
-0.494605
-1.12704
-1.12704
-1.12704
-1.12704
-1.12704
-1.12704
-1.12704
-1.12704
-0.962102
-0.962102
-0.962102
-1.07923
-1.07923
-0.275001
0.943008
0.978344
0.103477
-0.996651
-1.49643
-0.976316
-0.976316
-0.976316
-0.919001
-1.28759
-1.28759
-1.28759
0.0121043
0.533507
-0.954453
-0.954453
-0.954453
-0.954453
-0.954453
-1.42508
-1.42508
-1.33949
-1.33949
-0.973408
-0.973408
-0.538621
-0.538621
0.555794
-0.832774
0.426009
1.56618
1.56618
1.56618
1.03529
1.03529
0.865649
1.56445
1.56445
1.56445
0.569679
1.04452
0.773248
-0.409353
0.920805
0.885265
0.8776
0.672303
0.584697
0.584697
0.164239
-1.29422
-1.29422
-1.29422
-1.32401
-1.32401
-1.32401
-1.32401
-1.32401
-1.32401
-0.670717
0.499655
0.499655
0.96905
0.96905
0.96905
0.96905
0.96905
-0.49928
-0.49928
-1.31765
-1.31765
-0.620322
0.235437
1.7165
1.62417
0.883426
0.883426
0.883426
-0.426619
-0.552343
-0.552343
-0.541515
0.648848
0.648848
0.648848
-0.478922
-0.478922
-0.481232
-0.348448
-0.348448
-1.0546
-0.878016
-0.878016
-0.878016
-0.878016
-0.878016
-1.01654
-1.01654
-1.01654
-1.01654
-1.01654
-1.01654
-1.01654
-1.01654
0.281541
-1.11018
-0.710495
-0.394415
-0.394415
-0.940339
-0.940339
-0.940339
-0.940339
-1.29829
-1.29829
-1.29829
-1.29829
-1.29829
-1.29829
-1.29829
-1.29829
-1.29829
-0.425207
0.665249
0.69957
0.291129
1.36188
1.42054
1.42054
1.51755
1.51755
1.51755
1.51755
1.51755
1.51755
1.41204
1.41204
1.30865
1.11222
0.716395
1.5858
0.957378
0.913853
0.599039
-0.361233
0.929623
0.929623
1.20582
0.779736
0.779736
-0.617363
-0.617363
-1.41189
-1.03582
-0.684662
-1.27099
-1.27099
-1.36176
-0.920868
-1.45918
-0.312188
0.251374
-0.0940828
0.846391
1.26725
1.26725
0.674126
0.674126
0.674126
-0.707345
-0.707345
-1.84954
-0.47621
0.887931
1.05576
1.05576
0.936639
1.25589
1.25589
1.40097
1.40097
1.40097
1.40097
0.799414
0.799414
0.799414
0.799414
0.799414
1.13461
1.13461
1.13461
1.13461
0.882176
0.882176
0.916919
0.850822
0.850822
0.850822
1.24831
1.24831
1.24831
1.24831
1.24831
1.24831
0.816302
0.816302
0.816302
0.639716
0.639716
-0.681713
-0.681713
-0.914535
-1.31849
-1.31849
-1.31849
-1.16977
-1.08904
-1.08904
-1.08904
-1.08904
-1.08904
-1.08904
-1.08904
-0.579686
-1.56684
-0.779586
-0.779586
-0.779586
-0.779586
-0.779586
-0.992311
-0.49461
-1.0064
-1.0064
-0.502246
-0.943153
-0.943153
-0.943153
-1.02265
-1.02265
-1.02265
-1.02265
-1.02265
-1.75304
-1.48316
-0.752822
0.471608
0.654334
-0.683284
0.597909
1.36217
1.36217
1.36217
0.621546
0.621546
-0.31534
-1.44119
-1.44119
-1.18623
-1.32936
-0.763946
-0.763946
-0.763946
-0.763946
-0.674612
-0.674612
-0.674612
-0.674612
-0.674612
-0.674612
-0.909511
-0.909511
-0.909511
-0.998237
-0.314664
-1.73509
-1.73509
-0.964088
-0.964088
-1.3788
-1.3788
-1.16604
-0.809753
-0.809753
-0.809753
-0.809753
-0.809753
-1.28206
-0.779771
-0.779771
-1.12279
-1.12279
-1.12279
-0.751102
-0.751102
-0.472439
-0.968442
-0.968442
-0.968442
-1.41632
-1.41632
-1.41632
-0.937822
0.0653086
1.20572
1.20572
1.20572
1.20572
1.20572
1.20572
0.82936
0.597809
1.42052
1.42052
0.702889
0.358805
1.76617
1.76617
0.765688
0.765688
-0.584908
-0.584908
-0.584908
0.473688
1.04082
1.04082
0.845057
0.431336
0.672989
0.672989
0.672989
0.976058
0.976058
1.84099
1.84099
0.742241
0.742241
0.742241
-0.678002
-0.678002
-0.678002
0.515298
1.71391
1.32408
0.486078
-0.702377
-0.724096
-1.36185
-1.36185
-0.0299219
0.941765
0.941765
0.432484
1.55315
1.55315
1.55315
0.335797
-0.16907
-1.24667
-1.24667
-1.22323
-0.817092
-0.817092
-0.817092
-0.817092
-0.817092
0.349207
-0.677716
-0.992169
-1.34576
-1.34576
-0.617437
-0.767327
-0.767327
0.352764
-0.554301
-1.3801
-0.904373
-0.904373
-0.904373
-0.904373
-0.727361
0.394421
0.83526
0.83526
-0.624846
-0.51439
-0.51439
-1.44217
-1.44217
-1.44217
-1.44217
-1.19322
-1.19322
-1.09816
-1.09816
-0.112633
-0.823132
-0.39962
-1.43144
-0.793427
-0.793427
-1.23555
-1.23555
-1.5023
-1.5023
-0.495558
0.946937
1.00139
1.00139
1.00139
1.00139
1.00139
1.00139
1.35884
1.35884
1.35884
1.34209
1.34209
1.34209
1.34209
1.34209
1.34209
1.34209
1.34209
1.34209
1.34209
1.55146
0.66995
0.66995
0.66995
0.66995
0.66995
0.66995
0.66995
0.971123
0.594992
-0.289895
-0.352803
-1.58632
-1.58632
-1.26614
-0.559848
-0.559848
-0.559848
-1.42243
-1.42243
-1.5401
-1.5401
-0.567652
0.57873
0.57873
1.2275
1.28016
1.28016
1.28016
1.28016
1.51466
1.51466
1.10146
1.41389
0.42639
1.5253
1.5253
1.5253
1.19764
1.19764
1.19764
1.4105
0.863631
0.863631
0.863631
0.863631
0.809949
0.809949
1.05006
1.05006
1.05006
1.05006
1.05006
1.05006
1.05006
0.0952492
-0.511958
0.844168
1.2323
1.2323
1.2323
1.2323
0.736387
0.827278
0.827278
0.827278
0.827278
1.63334
1.63334
0.409665
0.200145
-1.15775
-1.69459
-1.80813
-0.809423
-0.809423
-0.809423
-0.911086
-0.911086
-0.911086
-0.911086
-0.911086
-0.911086
-0.911086
-0.911086
-0.911086
-0.911086
-1.62569
-1.75154
-1.75154
-1.75154
-0.736889
-0.736889
-0.736889
-0.840403
-0.527324
-0.476232
-0.521503
-1.52184
-1.52184
-1.52184
-0.505042
-0.505042
-1.17771
-1.17771
-0.797223
-0.797223
-0.797223
0.504896
0.504896
1.59332
0.543038
1.20702
1.20702
1.20702
1.30237
1.30237
1.30237
0.883775
0.883775
0.321179
-0.925552
-0.925552
-0.814744
-0.814744
-0.814744
-0.541352
-0.975715
-0.894806
-0.894806
-0.894806
-0.894806
-0.894806
-0.894806
-0.894806
-0.884361
-0.884361
-0.884361
-0.74969
0.401529
-0.00662859
-1.4275
-1.4275
-1.4275
-0.646933
-0.646933
-1.24497
-1.24497
-1.24497
-0.945986
-0.945986
-0.945986
-1.12975
-0.79362
-0.79362
-0.79362
-0.942898
-0.942898
-0.942898
-0.212275
-1.41537
-1.41537
-1.41537
0.0489763
-0.578475
-0.578475
-0.879964
-0.879964
-0.717285
-0.770228
0.724488
0.724488
0.724488
0.724488
1.19392
0.699929
0.699929
0.699929
0.699929
0.979827
0.979827
0.979827
0.979827
0.979827
0.979827
0.768962
0.768962
-0.577412
-0.577412
-0.577412
-1.50369
-1.7124
-1.7124
-0.496689
-0.16765
-0.299771
-1.52779
-0.907523
-0.907523
-0.650088
-1.0163
-1.0163
-0.69983
-1.16714
-1.16714
-1.22477
-1.22477
-1.20106
-1.20106
-0.605662
-1.312
-1.312
-1.312
-1.312
-1.312
-1.5214
-1.05287
-1.05287
-1.05287
-1.05287
-1.05287
-1.47284
-0.846328
-0.846328
-0.846328
-0.654855
-0.642899
0.317683
1.37049
1.37049
-0.00536316
-1.07659
-1.07659
-1.07659
-1.07659
-1.01704
-1.01704
-1.01704
-1.01704
-1.01704
-1.01704
-1.01704
-1.01704
-1.01704
-1.01704
-1.01704
-1.37779
-1.17537
-0.974271
-0.863899
-0.863899
0.289638
-0.122135
0.172071
-0.0655211
0.961519
1.8347
0.517392
1.32514
1.32514
1.32514
1.369
1.66099
0.720013
-0.733868
-0.907822
-0.907822
-0.907822
-0.696428
-0.696428
0.429398
1.12271
0.621071
0.747826
0.747826
0.362193
-0.207868
-0.0863733
0.660913
0.660913
0.660913
1.14984
1.14984
1.14984
1.14984
1.10943
1.10943
1.10943
1.10943
1.10943
1.10943
1.10943
0.821627
0.821627
0.821627
-0.633872
-0.759233
-1.04401
-1.06576
-1.06576
-1.06576
-1.4551
-1.4551
-1.37257
-1.37257
-1.37257
-1.37257
-1.37257
-1.37257
-1.37257
-1.37257
-1.15692
-0.64976
-0.64976
0.82628
1.23933
0.668464
0.668464
0.668464
0.668464
1.54231
1.88803
0.390672
1.61619
1.61619
1.61619
1.61619
0.506283
1.23625
0.56217
0.615722
0.615722
-0.420442
-0.420442
-1.27853
-0.852803
-0.852803
-0.970603
-0.970603
-0.940275
-0.940275
-0.940275
-0.940275
0.229775
0.343683
0.870323
0.870323
0.939712
0.939712
0.939712
0.939712
0.939712
0.939712
0.939712
0.939712
0.939712
0.939712
0.939712
-0.376617
-0.376617
-1.17603
-1.43045
-1.43045
-1.16394
-1.16394
-1.16394
-1.16394
-1.18607
-1.18607
-0.76858
-0.240343
-1.08698
-1.08698
-1.08698
-0.765405
-0.42979
-0.444513
-0.795224
-1.46591
-1.46591
-0.797699
-0.797699
-0.797699
-0.797699
-0.797699
-0.797699
-0.797699
-0.824999
-0.824999
-0.824999
-0.824999
-0.863007
-0.863007
-0.863007
-0.863007
-0.863007
-0.863007
-1.18411
-0.884211
-0.884211
-0.69574
0.576116
0.576116
1.0157
1.0157
0.69878
0.714903
0.714903
0.714903
1.43373
1.21653
1.21653
1.01443
1.01443
1.01443
0.753987
0.753987
1.45066
1.45066
1.57008
1.64301
1.64301
1.64301
1.24111
1.24111
1.24111
1.10387
1.10387
0.899733
0.7271
-0.712872
0.26912
-1.2252
-1.2252
-1.2252
-1.2252
-1.21975
-0.699492
-0.699492
-1.2895
-1.2895
-1.2895
-0.70587
-0.70587
-0.70587
-0.70587
-0.70587
-0.70587
-0.70587
-0.70587
-0.70587
-0.70587
-1.05366
-0.983894
0.0932973
1.25331
1.25331
1.25331
1.25331
1.25331
0.22307
1.34073
1.09
1.09
1.00603
1.00603
0.749651
0.749651
0.749651
0.749651
0.582909
1.08387
1.08387
1.08387
1.08387
1.08387
1.08387
1.08387
1.08387
1.08387
1.08387
1.08387
1.08387
1.08387
1.08387
1.08387
0.49369
0.284624
1.21605
1.21605
1.21605
0.417784
1.27591
1.09517
1.09517
1.09517
1.10737
1.10737
1.10737
1.10737
1.10737
0.867732
1.27221
1.27221
0.865138
0.865138
1.15622
1.15622
1.15622
-0.0922897
-1.54327
-1.54327
-1.22224
-0.679999
0.795733
0.323743
1.28764
0.970755
0.892162
0.892162
0.690157
0.690157
0.690157
0.690157
0.690157
0.690157
1.28195
1.28195
1.28195
1.21278
0.475882
1.31676
1.31676
1.31676
1.30747
1.22718
1.22718
0.616625
0.616625
0.616625
1.12955
1.12955
1.12955
1.12955
1.12955
1.12955
1.12955
1.12955
1.12955
1.12955
1.12955
1.12955
1.12955
1.12955
1.12955
1.12955
1.12955
1.12955
1.12955
1.12955
0.572874
0.605465
0.605465
0.605465
0.365695
-0.362413
-0.362413
-1.47691
-1.47691
-1.47691
-1.47691
-1.47691
-1.23471
-1.23471
-0.568684
-0.568684
-0.248989
-0.25118
-1.58581
-1.58581
-0.911096
-0.911096
-0.911096
0.559232
0.559232
-0.83616
-1.36672
-1.32103
-0.90082
-0.90082
-0.90082
-0.90082
-0.90082
-0.90082
-0.90082
-0.90082
-0.90082
0.518924
-0.788776
-0.788776
-0.788776
-0.788776
-0.788776
-0.788776
-0.788776
-0.788776
-1.38451
-1.38451
-1.38451
-1.38451
-1.38451
-1.38451
-1.2699
-1.2699
-1.2699
-1.2699
-1.2699
-0.628252
0.779211
0.779211
0.779211
1.43257
1.43257
0.876711
0.976153
0.976153
0.628062
1.09615
1.09615
1.05508
1.33047
1.1978
1.60493
1.60493
1.58147
1.58147
1.1912
1.1912
1.1912
1.1912
0.856072
0.856072
0.856072
0.619612
1.52688
1.52688
0.661736
0.822196
0.917217
0.917217
0.92509
0.997631
0.997631
0.997631
0.997631
0.997631
1.31976
1.31976
1.13548
0.906857
0.906857
0.906857
0.906857
0.906857
0.906857
0.523195
-0.589852
-0.589852
-0.589852
-0.710155
-0.667675
0.106066
-0.512732
-0.512732
0.6575
0.6575
0.725925
-0.565021
0.464052
1.21158
0.909932
0.909932
0.909932
1.47871
1.47871
1.47871
1.47871
1.47871
1.47871
1.47871
0.930618
0.930618
0.930618
0.930618
0.779895
0.779895
0.779895
0.779895
0.779895
-0.588829
-0.846275
-0.846275
-0.846275
-0.846275
-0.846275
-0.846275
0.351998
0.848706
0.848706
0.848706
0.96143
0.968811
0.968811
0.968811
0.956014
-0.319706
-0.101123
1.2486
1.21596
1.21596
1.182
1.35623
1.46647
0.510733
0.510733
1.33362
1.09911
1.09911
1.09911
1.09911
-0.0762272
-0.172186
0.0719708
-1.14498
-1.14498
-1.14498
-1.14498
-1.3513
-1.29582
-1.29582
-0.967233
-0.967233
-0.967233
0.335789
0.853852
0.853852
0.853852
0.853852
0.853852
0.614778
0.907168
0.907168
0.907168
0.625546
0.625546
0.625546
1.29083
1.11497
1.11497
1.27645
1.27645
1.0244
1.0244
-0.0762798
-0.271371
-0.593427
-0.803666
-0.803666
-0.803666
-0.598982
-0.598982
-0.335954
0.433534
0.992635
0.899057
0.899057
1.15518
1.15518
1.15518
0.544924
-0.620891
-0.620891
-0.862923
-0.862923
-1.16631
-1.49027
-1.68305
-1.68305
-0.66201
-0.66201
-0.58248
-0.58248
-0.58248
-0.58248
-0.58248
-0.58248
-0.58248
-0.30504
0.0500573
1.24656
0.6868
0.6868
0.6868
0.6868
0.6868
0.955608
0.955608
0.955608
1.44106
1.44106
0.435959
-0.758009
-0.758009
-0.758009
-0.758009
-0.758009
-0.613109
-0.723261
-1.46588
-0.835521
-0.121128
0.850131
0.850131
0.850131
0.850131
0.850131
0.850131
0.850131
0.850131
0.850131
1.54457
1.00922
1.6378
1.6378
1.6378
0.327279
1.62559
0.598219
0.818694
0.818694
0.536852
-0.693026
-1.09083
-1.02552
-1.02552
-1.02552
-1.02552
-0.960023
-1.35874
-1.35874
-0.841135
-0.841135
-1.01083
-1.01083
-1.01083
-1.01083
-1.01083
-1.01083
-1.01083
-1.01083
-1.01083
-1.00125
-0.350572
1.0955
1.0955
0.18433
-0.0489745
1.16494
1.16494
1.16494
1.16494
1.16494
1.16494
1.16494
1.55206
0.850753
0.990456
0.990456
0.990456
0.990456
0.990456
0.990456
0.990456
0.990456
0.990456
1.09722
1.08486
1.87843
0.966262
0.631179
0.631179
0.631179
1.69928
0.389929
0.0600992
0.666463
1.89258
0.9436
0.9436
0.399516
0.421703
0.421703
0.328695
-0.574747
-0.574747
-0.574747
-0.576504
-0.576504
0.216499
0.72354
0.72354
0.72354
0.72354
0.72354
0.72354
0.72354
0.726066
0.726066
0.726066
0.726066
1.43103
0.392046
1.05893
1.05893
1.05893
0.665706
1.38835
0.105774
-1.09619
-1.09619
-1.09619
-1.3946
-1.3946
-1.3946
-0.414593
-1.52507
-1.44611
-1.44611
-1.39592
-0.472455
0.528432
0.528432
0.528432
-0.616717
-1.38927
-1.38927
-1.38927
-1.38927
-1.38927
-0.468759
-1.42376
-1.28064
-1.28064
-1.28064
-1.28064
-1.28064
-0.677769
-0.677769
-0.677769
-1.07231
-1.07231
-1.2602
-1.2602
-1.2602
-1.2602
-1.12123
-0.718066
-0.718066
-0.718066
-0.718066
-0.487105
-1.39206
-0.0815083
0.237932
0.384983
-0.641737
-1.23258
-1.23258
-0.474429
0.998316
0.738633
-0.529248
0.71543
1.26096
1.26096
1.26096
1.26096
0.581627
0.581627
-0.803939
-0.803939
-0.803939
-1.27159
-1.27159
-0.849438
-0.849438
-0.849438
0.357535
-0.834098
-0.834098
-1.07896
-1.07896
-1.07896
-0.906801
-0.906801
-0.906801
-0.906801
-0.906801
-0.906801
-0.906801
-0.735962
0.671361
0.671361
1.54336
1.20385
0.99828
0.99828
0.847141
0.994671
0.994671
0.994671
0.994671
0.994671
0.994671
0.994671
1.2035
1.2035
1.2035
1.23307
1.23307
1.23307
1.09165
1.09165
1.70789
1.70789
0.62507
1.09145
1.55301
1.55301
1.54663
1.47292
1.37605
1.37605
1.37605
1.37605
1.37605
1.37605
1.80564
1.80564
1.80564
0.837324
0.837324
0.856669
0.856669
0.856669
0.856669
0.856669
0.856669
0.8812
0.8812
1.2234
0.613402
0.613402
0.613402
1.1675
1.1675
-0.048492
-1.12313
-1.25784
-1.25784
-1.25784
-0.720338
-0.720338
-0.749684
-0.749684
-0.749684
-0.787769
-0.787769
-0.787769
-0.734349
-0.734349
-0.734349
-0.734349
-0.734349
-0.849965
-1.05011
-1.05011
-0.806218
-1.15113
-1.15113
-1.15113
-1.15113
-1.15113
-1.22332
-0.099644
-1.50926
-0.749196
-0.749196
-1.16032
-1.16032
-0.911479
-0.911479
-0.818857
-0.818857
-0.818857
-0.743688
-0.743688
-1.0538
-1.0538
-0.652942
0.621233
1.07522
1.08428
1.08428
0.984418
-0.126418
-0.874946
-0.616782
-0.616782
-0.616782
-0.616782
-0.616782
-0.671174
-0.671174
-0.671174
-0.671174
-0.671174
-0.671174
-0.259358
-0.995425
-0.995425
-0.995425
-0.995425
-0.995425
-0.995425
-0.995425
-0.995425
-0.995425
-0.995425
-0.995425
-0.995425
-0.995425
-0.995425
-0.767345
-0.767345
-1.09467
-1.35033
-0.882742
-1.22359
-1.22359
-0.837674
-0.837674
-0.837674
-0.837674
-0.638839
-0.770669
-0.770669
-0.770669
-0.685364
-0.685364
-0.859971
-1.12215
-1.12215
-1.12215
-1.12215
-1.00932
-1.23398
-1.23398
-1.23398
-1.23398
-1.23398
-1.53649
-1.37348
-1.37348
-1.37348
-0.469193
0.554049
-0.729487
-0.60069
-0.60069
-0.573792
-0.560803
-1.56773
-1.58161
-1.58161
-1.58161
-0.91766
-0.91766
-0.91766
-0.91766
-0.91766
-0.91766
-0.91766
-0.665239
-0.665239
-0.665239
-0.665239
-1.26142
-1.26142
-1.26142
-1.26142
-1.26142
-1.26142
-1.16985
-1.16985
-1.16985
0.0151699
-0.418852
-1.23325
-0.902977
-0.902977
-0.902977
-0.902977
-0.902977
-0.902977
-0.694235
-0.694235
-1.26495
-1.26495
-1.26495
-1.26495
-1.11519
-1.11519
-1.11519
-1.11519
-1.11519
-0.925029
-0.925029
-0.925029
-0.925029
-0.97962
-0.892616
-0.892616
-0.983262
-0.983262
-0.761142
0.543655
0.543655
0.308478
1.28289
1.28289
1.28289
1.00181
1.00181
1.00181
1.00181
0.808468
0.825298
0.825298
0.655495
1.34012
0.0943151
0.822548
0.822548
0.822548
1.39049
1.63482
0.66074
0.942893
1.48036
1.23713
1.23713
1.23713
1.3141
1.3141
1.3141
1.3141
1.3141
1.3141
1.3141
1.11745
1.11745
1.70666
0.467871
1.78513
1.09329
0.554581
1.02118
1.02118
1.02118
1.02118
1.02118
1.3874
1.3874
0.615566
-0.580989
0.830461
-0.311233
-0.316539
-1.80558
-1.80558
-0.322783
0.761292
0.761292
0.761292
0.761292
1.10471
1.10471
1.10471
1.10471
1.10471
0.209392
-0.583731
-0.879618
-0.879618
-0.879618
0.576444
0.576444
-0.837457
0.452414
0.999448
0.999448
0.999448
0.806919
0.806919
0.804292
0.804292
0.804292
0.804292
0.804292
0.804292
0.804292
0.804292
1.50741
1.50741
1.50741
1.50741
1.58632
0.706894
0.807813
0.807813
0.807813
0.807813
0.807813
0.807813
0.807813
0.807813
0.875149
0.857683
0.857683
0.943461
0.943461
0.943461
0.943461
-0.521468
-0.521468
-0.122932
-1.45128
-0.641575
-0.961751
-1.12549
-1.12549
-0.609223
-0.609223
-0.609223
-0.219905
0.558618
0.558618
-0.438015
-0.438015
-1.237
-1.237
-1.237
-0.688082
-0.688082
-0.688082
-0.88139
-0.964942
-0.964942
-0.964942
-0.964942
-0.507876
-0.680403
-0.680403
-0.680403
-1.10393
-0.503546
-0.503546
-0.503546
-0.503546
-0.452306
-0.452306
0.0462095
0.589164
-0.757764
-0.570862
-0.836727
-0.836727
-0.609601
-0.609601
-1.49616
-0.0217443
-0.388308
0.306769
0.934217
0.934217
0.934217
0.934217
0.934217
1.75009
1.75009
1.74134
1.74134
1.74134
1.02131
1.02131
1.02131
1.02131
1.02131
1.02131
-0.308396
1.0415
1.0415
1.0415
1.0415
1.0415
1.0415
1.49481
1.49481
1.49481
0.505773
0.505773
1.06185
1.06185
1.06185
1.06185
1.06185
0.962995
0.962995
0.962995
0.962995
1.11831
0.915682
0.793228
0.853386
0.853386
0.853386
0.853386
1.31149
1.31149
1.31149
1.10075
1.29674
0.45609
0.45609
1.01153
1.01153
1.04747
1.04747
1.04747
1.04747
0.638501
0.638501
0.638501
0.638501
0.70008
1.42382
1.20318
0.839958
0.839958
0.839958
0.839958
-0.338115
-0.451737
-1.45935
-0.60555
-1.06072
-1.06072
-1.06072
-1.06072
-1.06072
-1.06072
-1.04468
-1.04468
-0.6951
-0.6951
-0.466213
-0.466213
-1.90548
-1.79578
-1.79578
-0.762711
-0.588976
-0.73869
-0.73869
0.612995
1.41378
1.41378
1.471
1.48655
1.48655
1.48655
1.55482
1.55482
0.155996
-1.22108
-1.22108
-1.22108
-1.22108
-1.22108
-1.22108
-0.851163
-0.851163
-0.851163
-1.23412
-1.23412
-1.23412
-1.23412
-0.461744
-1.05067
-1.05067
-0.756286
-0.756286
-0.756286
-0.756286
-0.756286
-0.756286
-0.756286
-0.756286
0.267083
1.26337
1.26337
1.26337
1.26337
1.26337
1.26337
1.26337
1.26337
1.26337
1.26337
1.26337
1.26337
1.26337
1.43442
1.43442
0.500234
0.732545
-0.713783
-0.61406
-1.56304
-1.56304
-0.422035
-0.303346
-0.156696
-1.07666
-1.07666
-1.36099
-1.36099
-0.743443
-1.36976
-1.36976
-1.36976
-1.49491
-1.37269
-0.945195
-0.682621
-0.682621
-0.682621
-0.682621
-0.565306
-0.565306
-1.16692
-1.16692
-1.16692
-1.16692
-1.16692
-1.16692
-1.16692
-1.16692
-1.16692
-1.16692
-1.00718
-0.688257
-0.603007
-1.66863
-0.7881
-0.7881
-1.24891
-1.24891
-1.66139
-1.66139
-1.66139
-1.66139
-1.66139
-1.66139
-0.523587
0.512392
0.512392
-0.722415
-0.722415
-0.722415
-1.20093
-0.942636
-0.942636
-0.942636
-1.30443
-1.38012
-1.38012
-1.60526
-0.632496
-0.632496
-0.632496
-1.11572
-1.11572
-0.028359
1.45833
0.746125
0.986575
0.986575
1.51885
0.0974346
1.03914
1.03914
1.03914
1.03914
1.44057
1.44057
1.44057
1.44057
1.44057
1.82725
1.82725
1.28826
1.28826
1.28826
1.28826
1.15604
1.15604
0.792432
-0.643838
-1.40655
-1.4105
-1.4105
-1.4105
-0.38222
1.05598
0.989076
0.989076
0.989076
0.989076
0.94036
0.974696
0.974696
1.69654
1.69654
0.323752
-0.454611
-1.10243
-1.10243
-1.10243
-1.10243
-1.10243
-1.10243
-1.10243
-1.10243
-1.10243
-1.10243
-1.10243
-1.10243
-1.10243
-1.10243
-1.10243
-1.10243
-1.10243
-1.10243
-1.52356
-0.956524
-0.956524
-1.34181
-1.34181
-1.34181
-1.34181
-1.34181
-1.41569
-0.898935
-0.898935
-0.58487
-0.58487
0.869163
0.869163
0.869163
0.869163
0.869163
1.09267
1.09267
1.09267
1.09267
1.09267
1.09267
1.09267
1.09267
1.09267
1.30812
1.30812
1.30812
1.12498
1.12498
1.00651
1.00651
1.00651
1.00651
0.871481
1.61092
1.42175
1.42175
1.42175
1.83191
1.83191
0.708484
-0.563376
0.551569
0.551569
0.551569
-0.347663
0.0241298
1.13582
1.35502
1.35502
1.35502
0.768404
0.768404
1.61418
1.61418
1.02287
1.02287
1.2148
1.2148
1.2148
0.948498
0.948498
0.948498
0.948498
0.948498
0.948498
0.948498
0.948498
0.948498
0.948498
0.948498
0.962533
0.962533
-0.105223
-0.172464
0.81914
0.81914
0.81914
0.81914
0.81914
0.81914
0.81914
0.81914
1.18566
1.18566
1.18566
0.733613
0.733613
-0.610294
-1.16932
-1.16932
0.0307678
-1.04437
-1.04437
-1.04437
-0.469659
0.497772
1.26309
0.942274
-0.439767
-0.439767
-1.79985
-0.761934
-0.906554
-0.906554
-0.906554
-0.906554
-0.659146
-0.659146
-0.864465
-0.864465
-0.52047
-0.776653
-0.776653
-0.776653
-0.776653
0.598019
0.598019
0.598019
-0.857974
-1.12398
-1.12398
-1.12398
-0.989442
-0.989442
-0.989442
-0.989442
-1.09739
-1.09739
-1.09739
-1.09739
-1.09739
-1.11595
-0.61428
-0.61428
-0.61428
-1.33595
-0.632244
-0.632244
-0.300981
0.427736
0.779715
1.15135
1.15135
1.15135
1.15135
0.920202
0.920202
-0.53445
0.442186
0.674772
0.674772
0.885763
1.28291
0.462173
-0.984398
-0.984398
-0.984398
-0.984398
-0.352612
-1.22711
-1.27829
-1.27829
-0.724573
-1.00403
-0.79431
-0.79431
-1.23627
-1.23627
-1.23627
-1.23627
-1.23627
-1.23627
-1.23627
-1.17489
-1.17489
-0.936734
-0.936734
-0.936734
-0.936734
-0.936734
-1.12012
-1.12012
-1.12012
-0.33087
0.874071
0.874071
1.38529
0.190417
1.55726
1.47842
1.5097
0.618025
1.25573
1.25573
1.25573
1.16214
1.16214
1.16214
1.16214
1.23376
0.608907
-0.873562
-1.60975
-1.60975
-1.60975
-1.60975
-0.368462
-0.374889
-1.5639
-1.37963
-1.6243
-1.6243
-0.56258
-0.56258
0.587395
-0.80995
-0.80995
0.372971
0.683026
-0.663667
0.585876
1.03229
1.03229
1.03229
1.03229
1.03229
1.17613
1.17613
1.17613
1.17613
1.17613
1.17613
1.17613
1.17613
1.17613
1.17613
1.17613
1.17613
1.17613
0.827342
0.827342
1.48775
0.175316
-0.884324
-1.20342
-1.20342
-1.20342
-1.20342
-1.20342
-1.20342
-0.955597
-1.32689
-1.32689
-1.44236
-0.865953
-0.865953
-0.865953
-0.865953
-0.865953
-0.865953
-0.865953
-0.865953
-0.865953
-1.41024
-1.41024
-1.41024
-1.41024
-1.35893
-1.12275
-1.12275
-1.12275
-1.12275
-1.12275
-1.12275
-1.12275
-1.12275
-1.12275
-0.735441
-0.735441
-1.27449
-0.811502
-0.811502
-0.945329
-0.945329
-0.945329
-1.30553
-1.30553
-0.834559
-0.834559
-0.834559
-0.834559
-1.6351
-1.6351
-1.6351
-1.22534
-0.362348
-1.50283
-0.796728
-0.796728
-0.796728
0.626401
-0.67788
-0.96707
-1.21366
-1.21366
-1.21366
-1.21366
-1.20256
-1.20256
-1.20256
-1.20256
-1.20256
-1.20256
-1.20256
-1.20256
-1.20264
-1.20264
-1.02394
-1.02394
-1.02862
-0.938955
-0.938955
-0.938955
-0.938955
-0.938955
0.41711
-0.476092
-0.573003
0.713532
0.0557113
-0.475314
-0.637661
-0.29901
0.499413
0.499413
0.499413
0.499413
1.7292
1.7292
2.12041
2.12041
0.956755
0.956755
-0.282669
-0.282669
-0.407815
-0.407815
0.240275
1.0073
0.519651
0.238419
0.594408
0.450103
0.282439
1.63603
1.09601
0.87325
1.45121
1.45121
1.25735
0.648683
0.648683
-0.676945
0.180712
0.427287
0.427287
-0.789929
-1.21587
-1.21587
-1.21587
-1.21587
-1.00435
-1.00435
-1.00435
-1.00435
-1.00435
-1.00435
-1.00435
-1.00435
-1.00435
-0.492153
-1.31326
-1.43749
-1.43749
-1.43749
-1.66743
-1.66743
-1.36297
-1.36297
-1.36297
-1.36297
-0.80377
0.553811
-0.270051
-1.51994
-1.51994
-1.51994
-1.34499
-1.34499
-0.942629
-0.942629
-0.942629
-0.942629
-0.942629
-0.942629
-0.657977
0.30193
0.560532
-0.0663065
-0.97697
-0.97697
-1.54038
-1.54038
-1.54038
-1.54038
-0.672705
-0.604582
0.630618
-0.568675
0.475795
0.48488
1.56058
1.56058
1.56058
0.337511
-0.974424
-0.974424
0.0963006
-0.387349
-0.347718
-0.410792
0.428095
-1.02907
-0.616549
-0.616549
-0.62318
-0.612279
0.758505
0.0173513
1.36847
0.212183
1.16611
1.16611
1.16611
0.992287
0.992287
0.992287
0.992287
0.992287
1.02442
1.18309
1.18309
-0.0636467
1.09646
1.09646
0.776439
0.776439
0.899067
-0.584736
-0.584736
-0.584736
-0.20619
0.899644
1.08584
1.08584
1.08584
1.08584
0.796529
0.488435
-0.985368
-0.985368
-1.05344
-1.05344
-0.696224
0.729967
0.729967
0.729967
0.729967
0.729967
-0.728864
-0.728864
0.649863
0.649863
0.868864
0.868864
0.868864
0.868864
0.868864
0.868864
0.868864
0.868864
0.868864
0.868864
0.868864
1.52172
1.52172
1.52172
1.52172
0.439438
-1.0284
-1.0284
-1.0284
-1.0284
-1.0284
-1.0284
-0.808449
-0.808449
-0.649513
-0.649513
0.749987
0.749987
0.749987
0.749987
0.749987
0.953734
1.39866
1.29522
1.29522
1.29522
1.36454
1.20676
0.811693
0.529789
0.529789
-0.933728
-0.933728
-0.933728
-0.933728
-1.31234
-1.31234
-1.31853
-1.31853
-1.31853
-1.05427
-1.05427
-1.05427
-1.05427
-1.05427
-0.839215
0.13014
0.784421
0.784421
1.21235
1.21235
1.21235
1.21235
1.21235
1.01385
1.01385
1.01385
1.01385
1.01385
1.01385
1.00359
1.24832
1.24832
0.930052
0.930052
-0.403788
0.307307
-0.474535
0.484199
-0.536074
-1.37143
-1.37143
-1.37143
-1.37143
-1.37143
-1.37143
-1.37143
-1.53062
-1.53062
-0.505955
-1.22188
-1.11257
-1.11257
-1.11257
-1.11257
-1.07568
-1.07568
-1.32396
-1.245
-0.898673
-0.898673
-0.898673
-1.08754
-1.08754
-1.08754
-1.08754
-1.08754
-1.08754
-1.08754
-1.15036
-1.15036
-1.15036
-0.728897
-0.433996
-0.433996
-0.771376
0.665003
0.665003
-0.738834
-0.738834
-0.921734
-0.921734
-0.921734
-0.921734
-0.921734
-0.921734
-0.921734
-0.921734
-1.32245
-1.32245
-1.32245
-1.06544
-1.06544
-1.08877
-1.08877
-1.08877
-1.08877
0.22215
1.11516
1.11516
0.304647
0.554303
0.554303
0.554303
0.554303
0.679514
0.679514
0.950306
1.24997
1.24997
1.24997
1.24997
1.24997
1.24997
1.24997
1.24997
1.18103
1.18103
0.769937
-0.329607
0.606345
0.606345
0.606345
0.606345
0.606345
0.606345
0.606345
0.606345
-0.751248
-0.751248
-0.947625
-0.947625
-1.13546
-1.13546
-1.13546
-1.20734
-1.53011
-1.53011
-1.31549
-1.31549
-1.31549
-1.31549
-0.728881
-0.728881
-1.27881
-1.27881
-1.27881
-1.27881
-0.839227
-0.839227
-0.839227
-0.73874
-0.73874
-1.07025
-1.07025
-1.07025
-1.07025
-1.07025
-1.07025
-1.45281
-0.685433
0.0431488
0.827715
0.827715
0.827715
0.998676
0.998676
1.26792
1.26792
1.26792
0.115341
1.21856
1.21856
1.21856
1.21856
1.21856
1.21856
1.21856
0.913791
1.04142
1.29503
1.29503
1.29503
1.29503
0.465708
0.454859
-0.728878
-0.728878
-0.728878
-0.728878
-0.728878
0.335438
-0.763288
-0.370992
0.381956
1.27082
1.27082
1.27082
1.27082
1.27082
0.59099
-0.547251
-1.22977
-1.22977
-1.22977
-1.22977
-1.22977
-1.22977
-0.160537
0.193766
-0.624645
-0.57397
-1.65891
-1.11305
-1.11305
-1.11305
-1.11305
-1.11305
-0.342899
0.184379
-0.988169
-0.988169
-0.988169
-0.988169
-0.988169
-0.988169
-0.988169
-0.988169
-0.887914
-0.887914
-0.887914
-0.69424
-0.69424
-1.40774
-1.39605
-0.682844
-0.836661
-0.836661
-0.991314
-0.991314
-1.38986
-2.08321
-2.08321
-2.08321
-1.52795
-1.18916
-1.18916
-1.18916
-1.22557
-1.22557
-1.22557
-1.22557
-1.15604
-1.15604
-1.15604
-1.25273
-1.25273
-1.25273
-1.38784
-0.500731
-0.9302
0.467441
0.60896
0.60896
1.05575
1.05575
1.05575
0.590818
1.22513
1.22513
0.920373
0.920373
1.04314
1.04314
1.49347
1.49347
1.40211
0.741974
0.85177
0.573141
0.573141
1.25588
1.25588
1.25588
1.25588
1.25588
1.25588
1.25588
1.25588
1.09901
1.68337
1.68337
1.68337
2.01603
0.75022
0.75022
0.75022
0.151529
-1.09062
-1.18714
-1.18714
-1.18714
-1.0734
-1.0734
-1.0734
-1.0734
-1.47945
-0.790889
-0.964473
-1.36466
-1.36466
-1.65828
-1.65828
-1.40844
-1.53393
-1.05229
-1.05229
-1.05229
-1.05229
-0.377824
0.850026
0.850026
1.25794
1.25794
1.25794
1.1785
1.1785
1.1785
1.1785
1.1785
1.1785
1.1785
1.1785
1.14373
1.28389
1.28389
1.28389
1.87898
1.87898
1.87898
1.87898
1.87898
1.27203
0.249043
1.46684
1.46684
1.46684
0.185997
-1.17144
-1.15222
-1.15222
-1.15222
-0.675419
-1.21335
-1.21335
-1.21335
-0.750558
-1.08477
-1.08477
-1.08477
-1.08477
-1.08477
-1.08477
-1.08477
-1.08477
-1.08477
-1.08477
-0.950706
-0.950706
-0.950706
-0.950706
-0.950706
-0.0249354
1.00136
0.623129
0.779719
0.823691
1.75509
1.75509
1.75509
1.11369
1.11369
1.05516
1.05516
1.05516
1.05516
1.05516
1.26372
1.26372
1.26372
1.26372
1.26372
0.888108
0.888108
1.21368
1.21368
1.21368
1.21368
0.504749
-0.502333
-0.502333
0.451198
0.711405
0.964941
0.964941
0.961644
0.961644
0.961644
0.961644
0.961644
0.961644
0.71155
-0.404767
-0.0190788
0.645582
0.645582
0.668577
-0.742838
-0.742838
-1.05486
-0.703041
-0.703041
-0.703041
0.0451519
1.39935
0.978836
0.978836
0.978836
0.978836
1.53871
0.409601
-1.07844
-1.07844
-1.07844
-1.07844
-1.07844
-1.07844
-1.07844
-1.07844
-1.49523
-0.920999
-1.60099
-1.60099
-0.828637
-0.786627
-0.786627
-0.786627
-0.786627
-0.786627
-0.786627
-0.786627
-0.786627
-0.786627
-0.961986
-0.961986
-1.07825
-1.07825
-1.07825
-1.07825
-1.2786
-1.37012
-0.810725
-0.810725
0.54118
0.807799
0.807799
-0.491699
-0.513086
-0.943689
-0.551543
-0.810941
-0.767578
-0.767578
-0.767578
-1.13779
-1.13779
-1.13779
-0.550963
-0.550963
-0.550963
-0.550963
-1.18336
-0.991541
-0.991541
-0.991541
-0.991541
-0.957637
-0.957637
-0.957637
-0.957637
-0.957637
-0.813975
-0.813975
-0.813975
-0.77246
-0.650107
0.668551
1.61692
1.65189
1.65189
1.65189
1.50298
1.50298
1.50298
0.526276
0.526276
-0.704394
-1.12649
-0.47423
-0.98232
0.064951
0.140954
-0.429397
-1.75453
-1.50238
-0.177585
0.247094
-0.74674
-0.74674
-1.24304
-1.24304
-1.24304
-1.24304
-1.09627
-1.09627
-1.09627
-1.09627
-1.46647
-0.670837
-0.670837
-0.670837
-0.670837
-0.670837
-0.52887
0.854259
0.889808
0.889808
0.889808
0.889808
0.889808
1.15545
1.15545
0.933907
0.933907
-0.32033
-0.415234
0.923993
0.647602
0.647602
0.647602
0.647602
0.647602
0.647602
0.647602
0.624709
0.624709
0.624709
0.624709
-0.629901
-0.629901
-0.931391
-0.931391
-0.931391
-1.26166
-1.26984
-0.647634
-0.647634
-0.647634
-1.3335
-1.34568
-1.34568
-1.34568
-1.34568
-0.826194
-0.826194
-1.54962
-1.54962
-0.611597
-0.611597
-1.59294
-1.34719
-1.17976
-1.33226
-1.33226
-1.33226
-1.33226
-0.873187
