1 -0.362956 0
2 -0.217811 0.145146
3 -0.154653 0.104935
4 -0.131469 0.0777376
5 -0.109264 0.064179
6 -0.104801 0.0525917
7 -0.102952 0.0444865
8 -0.132407 0.0484962
9 -0.146128 0.0449169
10 -0.141018 0.0404985
11 -0.144766 0.0368235
12 -0.138222 0.0342461
13 -0.149898 0.0335962
14 -0.137768 0.0333855
15 -0.153569 0.0348659
16 -0.171826 0.0373768
17 -0.173722 0.0351605
18 -0.165563 0.0341388
19 -0.152702 0.034759
20 -0.142689 0.0344621
21 -0.134139 0.0338767
22 -0.134741 0.0323058
23 -0.140071 0.0313259
24 -0.149923 0.031569
25 -0.151466 0.0303192
26 -0.148588 0.0292716
27 -0.153904 0.028664
28 -0.155027 0.0276441
29 -0.167909 0.0296217
30 -0.16465 0.0288023
31 -0.159726 0.0282896
32 -0.153936 0.0279965
33 -0.149522 0.0274916
34 -0.153635 0.0269861
35 -0.165394 0.0287211
36 -0.16206 0.0281103
37 -0.158368 0.0275882
38 -0.14914 0.0283935
39 -0.146723 0.0277614
40 -0.146032 0.0270673
41 -0.139628 0.0271644
42 -0.143432 0.0267814
43 -0.142768 0.0261596
44 -0.152974 0.0275208
45 -0.153003 0.0269023
46 -0.156832 0.026588
47 -0.157187 0.0260186
48 -0.153782 0.0256974
49 -0.152037 0.0252279
50 -0.155225 0.0249229
51 -0.152666 0.024563
52 -0.152984 0.0240881
53 -0.155333 0.0237456
54 -0.15467 0.0233112
55 -0.153363 0.0229207
56 -0.149627 0.0228157
57 -0.145797 0.0227367
58 -0.15108 0.0229573
59 -0.1527 0.0226229
60 -0.158403 0.0229621
61 -0.156171 0.0226927
62 -0.152614 0.0226053
63 -0.15989 0.0234034
64 -0.1615 0.023091
65 -0.160536 0.0227534
66 -0.161985 0.0224528
67 -0.160045 0.0222001
68 -0.162186 0.0219758
69 -0.163541 0.0216973
70 -0.163411 0.0213855
71 -0.160878 0.0212337
72 -0.16297 0.0210409
73 -0.16333 0.0207538
74 -0.162441 0.0204907
75 -0.165015 0.0203789
76 -0.163993 0.0201349
77 -0.160935 0.0201057
78 -0.161186 0.0198478
79 -0.158483 0.0197805
80 -0.159373 0.019552
81 -0.159543 0.0193098
82 -0.162672 0.019328
83 -0.159787 0.0193105
84 -0.156809 0.0193103
85 -0.155438 0.0191309
86 -0.155095 0.0189103
87 -0.155122 0.0186917
88 -0.155395 0.0184801
89 -0.155445 0.0182713
90 -0.154699 0.0180826
91 -0.153877 0.0179016
92 -0.151486 0.0178666
93 -0.155278 0.0180756
94 -0.156177 0.0179049
95 -0.154148 0.0178312
96 -0.153748 0.017649
97 -0.153308 0.0174717
98 -0.152936 0.0172965
99 -0.151267 0.0172021
100 -0.152057 0.0170475
