0 0 0
1 1 0
2 1.41804 0.00412524
3 1.73809 0.0055374
4 2.00251 0.00734481
5 2.23177 0.00822574
6 2.44053 0.00903189
7 2.63717 0.0102236
8 2.81942 0.0118115
9 2.99065 0.0128438
10 3.15927 0.0141607
11 3.30332 0.015239
12 3.45805 0.0151118
13 3.59579 0.016272
14 3.74457 0.0169498
15 3.87301 0.0156463
16 3.99191 0.0162951
17 4.12004 0.0168097
18 4.24431 0.0180752
19 4.35891 0.0180838
20 4.4791 0.0193041
21 4.5873 0.0193321
22 4.68468 0.0198072
23 4.78279 0.0196172
24 4.88039 0.0201799
25 4.98786 0.0202143
26 5.09041 0.0218757
27 5.1889 0.0221039
28 5.27799 0.0225227
29 5.36133 0.0230938
30 5.46326 0.0233162
31 5.55434 0.0231324
32 5.63863 0.0234174
33 5.72798 0.0229314
34 5.81764 0.0233353
35 5.9135 0.0241676
36 5.98767 0.024248
37 6.0702 0.0254569
38 6.16842 0.0255971
39 6.2511 0.0249671
40 6.33819 0.0254193
41 6.41147 0.0255458
42 6.47592 0.0245636
43 6.56434 0.0252979
44 6.64189 0.0259039
45 6.7192 0.0266009
46 6.79504 0.0272367
47 6.86799 0.0284454
48 6.94731 0.0286353
49 7.01893 0.0286836
50 7.09057 0.0291322
51 7.16089 0.0291797
52 7.23111 0.0297882
53 7.30117 0.0310959
54 7.36315 0.0306356
55 7.41284 0.0304054
56 7.47743 0.0314453
57 7.53407 0.0328993
58 7.60397 0.0315397
59 7.66342 0.0308801
60 7.72475 0.0321702
61 7.78792 0.0307678
62 7.84778 0.0313444
63 7.90786 0.0313882
64 7.97779 0.0328243
65 8.02902 0.033577
66 8.09229 0.033836
67 8.16384 0.03367
68 8.22782 0.0330946
69 8.28776 0.0331777
70 8.35712 0.033498
71 8.41844 0.0340772
72 8.48517 0.0348472
73 8.53963 0.0355704
74 8.5965 0.0355403
75 8.64876 0.0360872
76 8.71508 0.0360252
77 8.76822 0.0363195
78 8.83101 0.0363613
79 8.89082 0.0366252
80 8.94462 0.0364437
81 8.99455 0.0369153
82 9.05417 0.0375583
83 9.11025 0.038045
84 9.17786 0.0375915
85 9.22938 0.0379766
86 9.274 0.038387
87 9.32796 0.0382357
88 9.37581 0.0387366
89 9.43398 0.0390682
90 9.47666 0.0392721
91 9.52034 0.0393875
92 9.57617 0.0394293
93 9.61787 0.0391166
94 9.65831 0.0391545
95 9.71635 0.0396617
96 9.7695 0.0394307
97 9.81651 0.03894
98 9.8713 0.0384728
99 9.91672 0.0384728
100 9.96679 0.0387211
