1 33.8316
2 31.8004
3 28.0974
4 27.697
5 23.4582
6 23.4582
7 23.3204
8 21.1981
9 20.6088
10 20.6088
11 20.6088
12 20.17
13 18.995
14 18.7964
15 18.995
16 17.4153
17 16.626
18 15.4541
19 15.4541
20 15.1078
21 15.1078
22 14.9009
23 14.9009
24 14.8031
25 14.8031
26 14.659
27 14.5782
28 14.1248
29 13.5746
30 13.5746
31 13.5746
32 12.9739
33 12.9739
34 12.4371
35 12.4371
36 12.4371
37 11.6179
38 11.6179
39 11.6179
40 11.6179
41 11.6179
42 11.4283
43 11.297
44 11.297
45 10.8982
46 10.8982
47 10.5185
48 10.4247
49 10.4247
50 10.2138
51 10.2138
52 10.2138
53 10.2138
54 10.2138
55 10.2138
56 10.1607
57 10.1421
58 10.1421
59 10.1421
60 10.1421
61 10.1281
62 10.1281
63 10.1281
64 10.1281
65 9.91531
66 9.91531
67 9.91531
68 9.91531
69 9.91531
70 9.90217
71 9.90217
72 9.84024
73 9.84024
74 9.84024
75 9.84024
76 9.84024
77 9.84024
78 9.81679
79 9.75487
80 9.75487
81 9.75487
82 9.75487
83 9.53089
84 9.53089
85 9.53089
86 9.53089
87 9.53089
88 9.53089
89 9.53089
90 9.53089
91 9.53089
92 9.53089
93 9.53089
94 9.53089
95 9.53089
96 9.53089
97 9.30041
98 9.30041
99 9.11239
100 9.11239
101 9.10087
102 9.09853
103 9.09853
104 9.09853
105 8.8094
106 8.8094
107 8.8094
108 8.17804
109 8.17804
110 8.17804
111 8.17804
112 8.17804
113 8.04824
114 8.04824
115 7.82851
116 7.95831
117 7.82851
118 7.82851
119 7.82851
120 7.69098
121 7.55685
122 7.55685
123 7.55685
124 7.55685
125 7.28952
126 7.28952
127 7.28952
128 7.28952
129 7.28952
130 7.28952
131 7.28952
132 7.28952
133 7.28952
134 7.28952
135 7.28952
136 7.28952
137 7.28952
138 7.28952
139 7.26406
140 7.26406
141 7.26406
142 7.25028
143 7.17905
144 7.17905
145 7.17905
146 7.17905
147 7.16309
148 7.16309
149 7.16309
150 7.15476
151 7.15476
152 7.15476
153 7.15476
154 7.13881
155 7.08747
156 7.08747
157 7.08747
158 7.08747
159 7.08747
160 7.08747
161 7.08747
162 7.08747
163 7.08747
164 7.08747
165 7.08747
166 7.08747
167 7.08747
168 7.08747
169 7.08747
170 7.08747
171 7.08747
172 7.08747
173 7.08747
174 7.08747
175 7.08747
176 7.08747
177 7.07359
178 7.07359
179 7.06285
180 7.06285
181 7.06285
182 7.06285
183 7.06285
184 7.06285
185 7.06285
186 7.06285
187 6.9293
188 6.9293
189 6.9293
190 6.9293
191 6.9293
192 6.9293
193 6.9293
194 6.9293
195 6.9293
196 6.90029
197 6.90029
198 6.90029
199 6.90029
200 6.90029
201 6.90029
202 6.90029
203 6.90029
204 6.90029
205 6.90029
206 6.85619
207 6.85619
208 6.85619
209 6.85619
210 6.85619
211 6.85619
212 5.93401
213 5.93401
214 5.93401
215 5.93401
216 5.92561
217 5.92561
218 5.92561
219 5.92561
220 5.91468
221 5.91468
222 5.91468
223 5.52812
224 5.52812
225 5.52812
226 5.17761
227 5.17761
228 5.17761
229 4.80295
230 4.80295
231 4.80295
232 4.80295
233 4.80295
234 4.80295
235 4.80295
236 4.80295
237 4.80295
238 4.80295
239 4.80295
240 4.80295
241 4.80295
242 4.80295
243 4.80295
244 4.80295
245 4.80295
246 4.80295
247 4.80295
248 4.80295
249 4.80295
250 4.80295
251 4.80295
252 4.80295
253 4.80295
254 4.80295
255 4.80295
256 4.79463
257 4.79463
258 4.79463
259 4.79463
260 4.79463
261 4.79463
262 4.79463
263 4.79463
264 4.79463
265 4.79463
266 4.79463
267 4.79428
268 4.79428
269 4.79428
270 4.79428
271 4.79428
272 4.79428
273 4.79428
274 4.79428
275 4.79428
276 4.79428
277 4.79428
278 4.79428
279 4.79428
280 4.79428
281 4.79428
282 4.79428
283 4.79428
284 4.79428
285 4.79428
286 4.79428
287 4.79428
288 4.79428
289 4.79428
290 4.79428
291 4.79428
292 4.79428
293 4.79428
294 4.79428
295 4.79428
296 4.79428
297 4.79428
298 4.79428
299 4.79428
300 4.79428
301 4.79428
302 4.79428
303 4.79428
304 4.79428
305 4.79428
306 4.79428
307 4.79428
308 4.79428
309 4.79428
310 4.79428
311 4.79428
312 4.79428
313 4.79428
314 4.79428
315 4.79428
316 4.79428
317 4.79428
318 4.79428
319 4.79428
320 4.79428
321 4.79428
322 4.79428
323 4.79428
324 4.79428
325 4.79428
326 4.79428
327 4.79428
328 4.79428
329 4.79428
330 4.79428
331 4.79428
332 4.79428
333 4.79428
334 4.79428
335 4.79428
336 4.79428
337 4.79428
338 4.79428
339 4.79428
340 4.79428
341 4.79428
342 4.79428
343 4.79428
344 4.79428
345 4.79428
346 4.79428
347 4.79428
348 4.79428
349 4.79428
350 4.79428
351 4.79428
352 4.79428
353 4.79428
354 4.79428
355 4.79428
356 4.79428
357 4.79428
358 4.79428
359 4.79428
360 4.79428
361 4.79428
362 4.79428
363 4.79428
364 4.79428
365 4.79428
366 4.79428
367 4.79428
368 4.78492
369 4.78492
370 4.78492
371 4.78492
372 4.78492
373 4.78492
374 4.78492
375 4.78492
376 4.78492
377 4.78492
378 4.78492
379 4.78492
380 4.78492
381 4.78492
382 4.78492
383 4.78492
384 4.78492
385 4.78492
386 4.78492
387 4.78492
388 4.78492
389 4.78492
390 4.78492
391 4.78492
392 4.78492
393 4.78492
394 4.78492
395 4.78492
396 4.78492
397 4.78492
398 4.78492
399 4.78492
400 4.78492
401 4.78492
402 4.78492
403 4.78492
404 4.78492
405 4.78492
406 4.78492
407 4.78492
408 4.78148
409 4.78148
410 4.78148
411 4.78148
412 4.78148
413 4.78148
414 4.78148
415 4.78148
416 4.78148
417 4.78148
418 4.78148
419 4.78148
420 4.78148
421 4.78082
422 4.78082
423 4.78082
424 4.78082
425 4.78082
426 4.78082
427 4.78082
428 4.78082
429 4.78082
430 4.78082
431 4.78082
432 4.78082
433 4.78082
434 4.78082
435 4.78082
436 4.78082
437 4.78082
438 4.78082
439 4.78082
440 4.78082
441 4.78082
442 4.78082
443 4.78082
444 4.78082
445 4.78082
446 4.78082
447 4.78082
448 4.78082
449 4.78082
450 4.78082
451 4.78082
452 4.78082
453 4.78082
454 4.78082
455 4.78082
456 4.78082
457 4.78082
458 4.78082
459 4.78082
460 4.78082
461 4.78082
462 4.78082
463 4.78082
464 4.78082
465 4.78082
466 4.78082
467 4.78082
468 4.78082
469 4.78082
470 4.78082
471 4.78082
472 4.78082
473 4.78082
474 4.78082
475 4.78082
476 4.78082
477 4.78082
478 4.78082
479 4.78082
480 4.78082
481 4.78082
482 4.63723
483 4.63723
484 4.63723
485 4.63723
486 4.63723
487 4.63723
488 4.63723
489 4.63723
490 4.63723
491 4.63723
492 4.63723
493 4.63723
494 4.63723
495 4.63723
496 4.63723
497 4.63723
498 4.63723
499 4.63723
500 4.63723
