1 44.9569
2 41.2203
3 39.365
4 37.1068
5 34.8547
6 32.7025
7 30.7244
8 29.7302
9 28.6861
10 27.9849
11 26.7162
12 25.3532
13 24.1674
14 24.1964
15 23.9824
16 23.68
17 23.5903
18 22.6509
19 21.7031
20 21.3752
21 20.8999
22 20.4725
23 20.1079
24 19.7146
25 19.254
26 19.6151
27 18.6759
28 18.2594
29 16.9587
30 16.9608
31 16.7845
32 17.1519
33 16.4368
34 16.2394
35 16.4204
36 16.5791
37 16.6628
38 16.4722
39 16.0242
40 15.4989
41 14.878
42 14.8542
43 14.4069
44 13.9357
45 13.8844
46 13.9719
47 13.9734
48 14.1347
49 14.116
50 13.6628
51 13.0308
52 14.2913
53 14.6304
54 14.2836
55 14.3826
56 13.9964
57 13.5749
58 13.4042
59 13.6924
60 13.4737
61 14.2059
62 14.0779
63 14.1522
64 13.8911
65 13.9147
66 13.6263
67 13.9837
68 13.435
69 13.6381
70 13.5794
71 13.294
72 12.7325
73 12.9707
74 13.4791
75 13.1224
76 13.4149
77 13.2873
78 13.2756
79 13.8927
80 13.8277
81 13.2679
82 13.7033
83 13.0364
84 12.7629
85 13.0401
86 13.1844
87 12.3482
88 12.94
89 12.3949
90 12.2083
91 11.9981
92 12.9266
93 12.7834
94 13.1605
95 12.346
96 11.9811
97 11.5366
98 12.1525
99 12.2027
100 11.9579
101 12.446
102 12.4871
103 12.3441
104 12.6024
105 11.6384
106 11.4454
107 12.0638
108 12.2457
109 11.9102
110 11.6335
111 11.2421
112 11.3213
113 11.1364
114 10.8328
115 10.7331
116 10.3966
117 10.481
118 10.8892
119 10.8044
120 10.7223
121 9.96582
122 10.4032
123 10.521
124 10.3416
125 10.2073
126 10.5739
127 11.0919
128 11.5831
129 10.5294
130 10.8118
131 11.3081
132 10.6642
133 10.6867
134 11.6722
135 10.7486
136 10.5042
137 10.4474
138 10.3574
139 9.72928
140 10.1943
141 10.7409
142 10.4702
143 11.2008
144 11.5766
145 10.705
146 10.7884
147 10.7658
148 10.8906
149 11.0581
150 11.2775
151 11.3727
152 11.4063
153 11.4414
154 10.7561
155 10.5723
156 10.998
157 10.7398
158 10.3058
159 10.6077
160 10.4422
161 10.2046
162 9.362
163 9.65959
164 9.47805
165 9.50437
166 9.33139
167 9.30035
168 9.30548
169 9.58035
170 9.48665
171 9.7739
172 9.61392
173 9.68478
174 9.86216
175 9.92996
176 11.164
177 10.7374
178 10.0335
179 10.2695
180 10.2142
181 10.213
182 9.42832
183 9.39217
184 9.91646
185 10.0695
186 9.63925
187 9.30892
188 9.27222
189 9.71854
190 9.44769
191 9.73356
192 9.62279
193 9.57048
194 9.89785
195 9.34682
196 9.72254
197 10.5671
198 9.93535
199 9.32678
200 9.45694
201 9.51117
202 10.0924
203 10.2055
204 10.4197
205 10.1025
206 9.93845
207 9.85122
208 9.68801
209 9.08518
210 9.63544
211 9.57041
212 9.54635
213 9.21327
214 8.65279
215 8.11181
216 7.85859
217 8.17148
218 8.25811
219 8.76912
220 8.28059
221 8.8687
222 8.47238
223 8.31102
224 9.37375
225 9.20719
226 8.97479
227 9.08408
228 8.80833
229 9.02175
230 9.07252
231 8.78723
232 8.14968
233 8.20856
234 8.98137
235 9.46424
236 9.65036
237 9.89816
238 8.91238
239 8.47149
240 8.83361
241 9.11729
242 9.17895
243 8.76514
244 8.73596
245 8.94604
246 7.82519
247 8.54782
248 7.79304
249 7.65357
250 7.19193
251 7.03148
252 7.02959
253 6.85258
254 7.46753
255 7.48284
256 7.40505
257 7.6242
258 7.53268
259 7.47131
260 7.97323
261 7.92034
262 8.07383
263 7.16467
264 6.89134
265 7.19501
266 7.15443
267 7.41788
268 8.34531
269 8.02968
270 7.61242
271 7.95054
272 7.33982
273 7.62677
274 7.65841
275 7.10489
276 7.01821
277 7.15798
278 6.8647
279 6.56711
280 7.55021
281 7.41181
282 7.48459
283 7.3938
284 7.79916
285 7.75941
286 6.94332
287 6.97888
288 7.36883
289 7.04841
290 7.18915
291 6.87616
292 7.05634
293 7.01525
294 6.95318
295 6.76734
296 7.607
297 7.63185
298 8.09778
299 7.93815
300 8.65392
301 9.01637
302 8.52893
303 8.38046
304 7.93039
305 7.69156
306 8.02209
307 7.80769
308 8.01179
309 7.6131
310 7.72966
311 7.02025
312 6.9623
313 7.42938
314 7.71357
315 8.18294
316 7.83102
317 7.77043
318 7.70494
319 7.40359
320 7.57121
321 6.89079
322 7.01719
323 7.18759
324 6.99599
325 6.58335
326 7.33091
327 7.08338
328 7.24114
329 7.39103
330 7.91605
331 7.84589
332 7.69822
333 7.71468
334 8.07005
335 8.05586
336 7.65334
337 7.69834
338 6.99115
339 6.76146
340 7.3842
341 6.54052
342 6.66302
343 6.57378
344 7.00871
345 7.61917
346 7.17584
347 7.58733
348 8.03574
349 8.51262
350 7.69444
351 7.72381
352 7.88364
353 7.44012
354 7.99157
355 7.92207
356 7.91285
357 7.73016
358 8.02483
359 7.55776
360 8.1279
361 7.6731
362 7.50742
363 6.97756
364 7.67997
365 6.76548
366 7.2825
367 7.26485
368 7.16324
369 7.32823
370 7.38142
371 7.35968
372 8.30015
373 8.19626
374 8.02909
375 8.15373
376 8.58952
377 8.93945
378 8.71243
379 8.71677
380 9.12313
381 8.47808
382 8.42169
383 8.26965
384 8.28955
385 8.38964
386 7.42546
387 8.0045
388 8.85385
389 8.33082
390 7.89472
391 8.6945
392 9.17549
393 8.57872
394 8.54311
395 8.40932
396 8.70147
397 8.03412
398 7.94308
399 8.02792
400 7.88985
401 7.6806
402 8.09251
403 7.08299
404 7.32512
405 7.8652
406 7.60895
407 7.46676
408 7.41968
409 8.2579
410 8.29331
411 7.60976
412 7.87078
413 8.00623
414 7.76219
415 7.74834
416 7.78755
417 7.74898
418 8.19258
419 8.69056
420 7.49099
421 7.99767
422 7.70687
423 8.01477
424 8.40762
425 8.60353
426 8.99943
427 8.22785
428 7.97712
429 7.8281
430 8.03826
431 7.54457
432 7.76564
433 6.58917
434 6.53453
435 7.08129
436 6.68294
437 7.61239
438 7.78619
439 7.72491
440 7.1759
441 7.43613
442 7.6405
443 8.00296
444 7.59174
445 7.67286
446 7.42694
447 7.99393
448 8.62323
449 8.2453
450 8.18451
451 8.87445
452 7.54458
453 7.68446
454 7.73513
455 7.04255
456 6.7664
457 6.55957
458 7.20206
459 7.30971
460 7.25045
461 7.73334
462 7.04613
463 7.31847
464 7.66605
465 7.30049
466 7.27909
467 7.13959
468 7.09486
469 7.65808
470 7.87366
471 8.07009
472 8.42697
473 8.10005
474 8.19927
475 8.48198
476 8.48179
477 7.8502
478 7.12401
479 7.23208
480 7.12244
481 7.14456
482 6.99619
483 7.74662
484 8.24812
485 8.00781
486 8.08481
487 7.64346
488 7.02038
489 6.73993
490 7.60423
491 7.7036
492 7.73398
493 7.78528
494 7.34931
495 7.71296
496 7.50492
497 7.42007
498 7.18597
499 7.00563
500 6.93517
