1 40.6985
2 33.6659
3 29.8308
4 27.8438
5 26.5713
6 25.0828
7 23.3375
8 22.3081
9 20.3731
10 18.1245
11 16.2723
12 15.5326
13 14.3256
14 13.3437
15 12.9515
16 12.8447
17 12.4015
18 11.9816
19 11.6788
20 11.5508
21 11.475
22 11.3654
23 11.3604
24 11.2073
25 11.0817
26 10.9041
27 10.6614
28 10.5484
29 10.4299
30 9.90095
31 9.45484
32 9.45457
33 9.43632
34 9.22331
35 8.8516
36 8.58714
37 8.54422
38 8.50523
39 8.47523
40 8.1255
41 7.85272
42 7.7656
43 7.59868
44 7.47833
45 7.47833
46 7.47833
47 7.47372
48 7.41384
49 7.24799
50 7.24799
51 7.24799
52 7.24598
53 7.19625
54 7.1506
55 7.10978
56 7.0604
57 6.67036
58 6.39034
59 6.35345
60 6.16357
61 6.07522
62 6.07522
63 6.07415
64 6.05272
65 6.01709
66 5.84145
67 5.59491
68 5.40877
69 5.40877
70 5.40877
71 5.40644
72 5.32527
73 5.14292
74 5.01868
75 4.9769
76 4.91308
77 4.88241
78 4.87192
79 4.86762
80 4.86426
81 4.77182
82 4.72271
83 4.72271
84 4.72271
85 4.72271
86 4.72271
87 4.7212
88 4.66985
89 4.64719
90 4.64719
91 4.64719
92 4.64719
93 4.64719
94 4.64719
95 4.64719
96 4.64569
97 4.61989
98 4.57213
99 4.5721
100 4.57117
101 4.57029
102 4.57029
103 4.57029
104 4.57029
105 4.57029
106 4.57017
107 4.56729
108 4.56394
109 4.5618
110 4.55871
111 4.55871
112 4.55871
113 4.55871
114 4.55871
115 4.55871
116 4.55871
117 4.55859
118 4.55506
119 4.54744
120 4.54031
121 4.53856
122 4.53807
123 4.5246
124 4.51417
125 4.50414
126 4.39968
127 4.33375
128 4.33375
129 4.33375
130 4.33375
131 4.33375
132 4.33375
133 4.33375
134 4.33375
135 4.33375
136 4.33375
137 4.33375
138 4.33375
139 4.33375
140 4.33375
141 4.33375
142 4.33375
143 4.33375
144 4.33375
145 4.33375
146 4.33375
147 4.33375
148 4.33375
149 4.33375
150 4.33375
151 4.33375
152 4.33375
153 4.33375
154 4.33375
155 4.33375
156 4.33375
157 4.33375
158 4.33375
159 4.33375
160 4.33375
161 4.33375
162 4.33375
163 4.33375
164 4.33375
165 4.33375
166 4.33375
167 4.33375
168 4.33375
169 4.33375
170 4.33375
171 4.33375
172 4.33375
173 4.33375
174 4.33375
175 4.33375
176 4.33375
177 4.33375
178 4.33375
179 4.33375
180 4.33375
181 4.33375
182 4.33375
183 4.33375
184 4.33375
185 4.33375
186 4.33375
187 4.33375
188 4.33375
189 4.33375
190 4.33375
191 4.33375
192 4.33375
193 4.33375
194 4.33375
195 4.32749
196 4.15139
197 4.01468
198 4.01004
199 4.01004
200 4.01004
201 4.01004
202 4.01004
203 4.01004
204 4.01004
205 4.01004
206 4.01004
207 4.01004
208 4.01004
209 4.01004
210 4.01004
211 4.01004
212 4.01004
213 4.01004
214 4.01004
215 4.01004
216 4.01004
217 4.01004
218 4.01004
219 4.01004
220 4.01004
221 4.01004
222 4.01004
223 4.01004
224 4.01004
225 4.01004
226 4.01004
227 4.01004
228 4.01004
229 4.01004
230 4.01004
231 4.01004
232 4.01004
233 4.01004
234 4.01004
235 4.01004
236 4.01004
237 4.01004
238 4.01004
239 4.01004
240 4.01004
241 4.01004
242 4.01004
243 4.01004
244 4.01004
245 4.01004
246 4.01004
247 4.01004
248 4.01004
249 4.01004
250 4.01004
251 4.01004
252 4.01004
253 4.01004
254 4.01004
255 4.01004
256 4.01004
257 4.01004
258 4.01004
259 4.01004
260 4.01004
261 4.01004
262 4.01004
263 4.01004
264 4.01004
265 4.01004
266 4.01004
267 4.01004
268 4.01004
269 4.01004
270 4.01004
271 4.01004
272 4.01004
273 4.01004
274 4.01004
275 4.01004
276 4.01004
277 4.01004
278 4.01004
279 4.01004
280 4.01004
281 4.01004
282 4.01004
283 4.01004
284 4.01004
285 4.01004
286 4.01004
287 4.01004
288 4.01004
289 4.01004
290 4.01004
291 4.01004
292 4.01004
293 4.01004
294 4.01004
295 4.01004
296 4.01004
297 4.01004
298 4.01004
299 4.01004
300 4.01004
301 4.01004
302 4.01004
303 4.01004
304 4.01004
305 4.01004
306 4.01004
307 4.01004
308 4.01004
309 4.01004
310 4.01004
311 4.01004
312 4.01004
313 4.01004
314 4.01004
315 4.01004
316 4.01004
317 4.01004
318 4.01004
319 4.01004
320 4.01004
321 4.01004
322 4.01004
323 4.01004
324 4.01004
325 4.01004
326 4.01004
327 4.01004
328 4.01004
329 4.01004
330 4.01004
331 4.01004
332 4.01004
333 4.01004
334 4.01004
335 4.01004
336 4.01004
337 4.01004
338 4.01004
339 4.01004
340 4.01004
341 4.01004
342 4.01004
343 4.01004
344 4.01004
345 4.01004
346 4.01004
347 4.01004
348 4.01004
349 4.01004
350 4.01004
351 4.01004
352 4.01004
353 4.01004
354 4.01004
355 4.01004
356 4.01004
357 4.01004
358 4.01004
359 4.01004
360 4.01004
361 4.01004
362 4.01004
363 4.01004
364 4.01004
365 4.01004
366 4.01004
367 4.01004
368 4.01004
369 4.01004
370 4.01004
371 4.01004
372 4.01004
373 4.01004
374 4.01004
375 4.01004
376 4.01004
377 4.01004
378 4.01004
379 4.01004
380 4.01004
381 4.01004
382 4.01004
383 4.01004
384 4.01004
385 4.01004
386 4.01004
387 4.01004
388 4.01004
389 4.01004
390 4.01004
391 4.01004
392 4.01004
393 4.01004
394 4.01004
395 4.01004
396 4.01004
397 4.01004
398 4.01004
399 4.01004
400 4.01004
401 4.01004
402 4.01004
403 4.01004
404 4.01004
405 4.01004
406 4.01004
407 4.01004
408 4.01004
409 4.01004
410 4.01004
411 4.01004
412 4.01004
413 4.01004
414 4.01004
415 4.01004
416 4.01004
417 4.01004
418 4.01004
419 4.01004
420 4.01004
421 4.01004
422 4.01004
423 4.01004
424 4.01004
425 4.01004
426 4.01004
427 4.01004
428 4.01004
429 4.01004
430 4.01004
431 4.01004
432 4.01004
433 4.01004
434 4.01004
435 4.01004
436 4.01004
437 4.01004
438 4.01004
439 4.01004
440 4.01004
441 4.01004
442 4.01004
443 4.01004
444 4.01004
445 4.01004
446 4.01004
447 4.01004
448 4.01004
449 4.01004
450 4.01004
451 4.01004
452 4.01004
453 4.01004
454 4.01004
455 4.01004
456 4.01004
457 4.01004
458 4.01004
459 4.01004
460 4.01004
461 4.01004
462 4.01004
463 4.01004
464 4.01004
465 4.01004
466 4.01004
467 4.01004
468 4.01004
469 4.01004
470 4.01004
471 4.01004
472 4.01004
473 4.01004
474 4.01004
475 4.01004
476 4.01004
477 4.01004
478 4.01004
479 4.01004
480 4.01004
481 4.01004
482 4.01004
483 4.01004
484 4.01004
485 4.01004
486 4.01004
487 4.01004
488 4.01004
489 4.01004
490 4.01004
491 4.01004
492 4.01004
493 4.01004
494 4.01004
495 4.01004
496 4.01004
497 4.01004
498 4.01004
499 4.01004
500 4.01004
501 4.01004
502 4.01004
503 4.01004
504 4.01004
505 4.01004
506 4.01004
507 4.01004
508 4.01004
509 4.01004
510 4.01004
511 4.01004
512 4.01004
513 4.01004
514 4.01004
515 4.01004
516 4.01004
517 4.01004
518 4.01004
519 4.01004
520 4.01004
521 4.01004
522 4.01004
523 4.01004
524 4.01004
525 4.01004
526 4.01004
527 4.01004
528 4.01004
529 4.01004
530 4.01004
531 4.01004
532 4.01004
533 4.01004
534 4.01004
535 4.01004
536 4.01004
537 4.01004
538 4.01004
539 4.01004
540 4.01004
541 4.01004
542 4.01004
543 4.01004
544 4.01004
545 4.01004
546 4.01004
547 4.01004
548 4.01004
549 4.01004
550 4.01004
551 4.01004
552 4.01004
553 4.01004
554 4.01004
555 4.01004
556 4.01004
557 4.01004
558 4.01004
559 4.01004
560 4.01004
561 4.01004
562 4.01004
563 4.01004
564 4.01004
565 4.01004
566 4.01004
567 4.01004
568 4.01004
569 4.01004
570 4.01004
571 4.01004
572 4.01004
573 4.01004
574 4.01004
575 4.01004
576 4.01004
577 4.01004
578 4.01004
579 4.01004
580 4.01004
581 4.01004
582 4.01004
583 4.01004
584 4.01004
585 4.01004
586 4.01004
587 4.01004
588 4.01004
589 4.01004
590 4.01004
591 4.01004
592 4.01004
593 4.01004
594 4.01004
595 4.01004
596 4.01004
597 4.01004
598 4.01004
599 4.01004
600 4.01004
601 4.01004
602 4.01004
603 4.01004
604 4.01004
605 4.01004
606 4.01004
607 4.01004
608 4.01004
609 4.01004
610 4.01004
611 4.01004
612 4.01004
613 4.01004
614 4.01004
615 4.01004
616 4.01004
617 4.01004
618 4.01004
619 4.01004
620 4.01004
621 4.01004
622 4.01004
623 4.01004
624 4.01004
625 4.01004
626 4.01004
627 4.01004
628 4.01004
629 4.01004
630 4.01004
631 4.01004
632 4.01004
633 4.01004
634 4.01004
635 4.01004
636 4.01004
637 4.01004
638 4.01004
639 4.01004
640 4.01004
641 4.01004
642 4.01004
643 4.01004
644 4.01004
645 4.01004
646 4.01004
647 4.01004
648 4.01004
649 4.01004
650 4.01004
651 4.01004
652 4.01004
653 4.01004
654 4.01004
655 4.01004
656 4.01004
657 4.01004
658 4.01004
659 4.01004
660 4.01004
661 4.01004
662 4.01004
663 4.01004
664 4.01004
665 4.01004
666 4.01004
667 4.01004
668 4.01004
669 4.01004
670 4.01004
671 4.01004
672 4.01004
673 4.01004
674 4.01004
675 4.01004
676 4.01004
677 4.01004
678 4.01004
679 4.01004
680 4.01004
681 4.01004
682 4.01004
683 4.01004
684 4.01004
685 4.01004
686 4.01004
687 4.01004
688 4.01004
689 4.01004
690 4.01004
691 4.01004
692 4.01004
693 4.01004
694 4.01004
695 4.01004
696 4.01004
697 4.01004
698 4.01004
699 4.01004
700 4.01004
701 4.01004
702 4.01004
703 4.01004
704 4.01004
705 4.01004
706 4.01004
707 4.01004
708 4.01004
709 4.01004
710 4.01004
711 4.01004
712 4.01004
713 4.01004
714 4.01004
715 4.01004
716 4.01004
717 4.01004
718 4.01004
719 4.01004
720 4.01004
721 4.01004
722 4.01004
723 4.01004
724 4.01004
725 4.01004
726 4.01004
727 4.01004
728 4.01004
729 4.01004
730 4.01004
731 4.01004
732 4.01004
733 4.01004
734 4.01004
735 4.01004
736 4.01004
737 4.01004
738 4.01004
739 4.01004
740 4.01004
741 4.01004
742 4.01004
743 4.01004
744 4.01004
745 4.01004
746 4.01004
747 4.01004
748 4.01004
749 4.01004
750 4.01004
751 4.01004
752 4.01004
753 4.01004
754 4.01004
755 4.01004
756 4.01004
757 4.01004
758 4.01004
759 4.01004
760 4.01004
761 4.01004
762 4.01004
763 4.01004
764 4.01004
765 4.01004
766 4.01004
767 4.01004
768 4.01004
769 4.01004
770 4.01004
771 4.01004
772 4.01004
773 4.01004
774 4.01004
775 4.01004
776 4.01004
777 4.01004
778 4.01004
779 4.01004
780 4.01004
781 4.01004
782 4.01004
783 4.01004
784 4.01004
785 4.01004
786 4.01004
787 4.01004
788 4.01004
789 4.01004
790 4.01004
791 4.01004
792 4.01004
793 4.01004
794 4.01004
795 4.01004
796 4.01004
797 4.01004
798 4.01004
799 4.01004
800 4.01004
801 4.01004
802 4.01004
803 4.01004
804 4.01004
805 4.01004
806 4.01004
807 4.01004
808 4.01004
809 4.01004
810 4.01004
811 4.01004
812 4.01004
813 4.01004
814 4.01004
815 4.01004
816 4.01004
817 4.01004
818 4.01004
819 4.01004
820 4.01004
821 4.01004
822 4.01004
823 4.01004
824 4.01004
825 4.01004
826 4.01004
827 4.01004
828 4.01004
829 4.01004
830 4.01004
831 4.01004
832 4.01004
833 4.01004
834 4.01004
835 4.01004
836 4.01004
837 4.01004
838 4.01004
839 4.01004
840 4.01004
841 4.01004
842 4.01004
843 4.01004
844 4.01004
845 4.01004
846 4.01004
847 4.01004
848 4.01004
849 4.01004
850 4.01004
851 4.01004
852 4.01004
853 4.01004
854 4.01004
855 4.01004
856 4.01004
857 4.01004
858 4.01004
859 4.01004
860 4.01004
861 4.01004
862 4.01004
863 4.01004
864 4.01004
865 4.01004
866 4.01004
867 4.01004
868 4.01004
869 4.01004
870 4.01004
871 4.01004
872 4.01004
873 4.01004
874 4.01004
875 4.01004
876 4.01004
877 4.01004
878 4.01004
879 4.01004
880 4.01004
881 4.01004
882 4.01004
883 4.01004
884 4.01004
885 4.01004
886 4.01004
887 4.01004
888 4.01004
889 4.01004
890 4.01004
891 4.01004
892 4.01004
893 4.01004
894 4.01004
895 4.01004
896 4.01004
897 4.01004
898 4.01004
899 4.01004
900 4.01004
901 4.01004
902 4.01004
903 4.01004
904 4.01004
905 4.01004
906 4.01004
907 4.01004
908 4.01004
909 4.01004
910 4.01004
911 4.01004
912 4.01004
913 4.01004
914 4.01004
915 4.01004
916 4.01004
917 4.01004
918 4.01004
919 4.01004
920 4.01004
921 4.01004
922 4.01004
923 4.01004
924 4.01004
925 4.01004
926 4.01004
927 4.01004
928 4.01004
929 4.01004
930 4.01004
931 4.01004
932 4.01004
933 4.01004
934 4.01004
935 4.01004
936 4.01004
937 4.01004
938 4.01004
939 4.01004
940 4.01004
941 4.01004
942 4.01004
943 4.01004
944 4.01004
945 4.01004
946 4.01004
947 4.01004
948 4.01004
949 4.01004
950 4.01004
951 4.01004
952 4.01004
953 4.01004
954 4.01004
955 4.01004
956 4.01004
957 4.01004
958 4.01004
959 4.01004
960 4.01004
961 4.01004
962 4.01004
963 4.01004
964 4.01004
965 4.01004
966 4.01004
967 4.01004
968 4.01004
969 4.01004
970 4.01004
971 4.01004
972 4.01004
973 4.01004
974 4.01004
975 4.01004
976 4.01004
977 4.01004
978 4.01004
979 4.01004
980 4.01004
981 4.01004
982 4.01004
983 4.01004
984 4.01004
985 4.01004
986 4.01004
987 4.01004
988 4.01004
989 4.01004
990 4.01004
991 4.01004
992 4.01004
993 4.01004
994 4.01004
995 4.01004
996 4.01004
997 4.01004
998 4.01004
999 4.01004
1000 4.01004
1001 4.01004
1002 4.01004
1003 4.01004
1004 4.01004
1005 4.01004
1006 4.01004
1007 4.01004
1008 4.01004
1009 4.01004
1010 4.01004
1011 4.01004
1012 4.01004
1013 4.01004
1014 4.01004
1015 4.01004
1016 4.01004
1017 4.01004
1018 4.01004
1019 4.01004
1020 4.01004
1021 4.01004
1022 4.01004
1023 4.01004
1024 4.01004
1025 4.01004
1026 4.01004
1027 4.01004
1028 4.01004
1029 4.01004
1030 4.01004
1031 4.01004
1032 4.01004
1033 4.01004
1034 4.01004
1035 4.01004
1036 4.01004
1037 4.01004
1038 4.01004
1039 4.01004
1040 4.01004
1041 4.01004
1042 4.01004
1043 4.01004
1044 4.01004
1045 4.01004
1046 4.01004
1047 4.01004
1048 4.01004
1049 4.01004
1050 4.01004
1051 4.01004
1052 4.01004
1053 4.01004
1054 4.01004
1055 4.01004
1056 4.01004
1057 4.01004
1058 4.01004
1059 4.01004
1060 4.01004
1061 4.01004
1062 4.01004
1063 4.01004
1064 4.01004
1065 4.01004
1066 4.01004
1067 4.01004
1068 4.01004
1069 4.01004
1070 4.01004
1071 4.01004
1072 4.01004
1073 4.01004
1074 4.01004
1075 4.01004
1076 4.01004
1077 4.01004
1078 4.01004
1079 4.01004
1080 4.01004
1081 4.01004
1082 4.01004
1083 4.01004
1084 4.01004
1085 4.01004
1086 4.01004
1087 4.01004
1088 4.01004
1089 4.01004
1090 4.01004
1091 4.01004
1092 4.01004
1093 4.01004
1094 4.01004
1095 4.01004
1096 4.01004
1097 4.01004
1098 4.01004
1099 4.01004
1100 4.01004
1101 4.01004
1102 4.01004
1103 4.01004
1104 4.01004
1105 4.01004
1106 4.01004
1107 4.01004
1108 4.01004
1109 4.01004
1110 4.01004
1111 4.01004
1112 4.01004
1113 4.01004
1114 4.01004
1115 4.01004
1116 4.01004
1117 4.01004
1118 4.01004
1119 4.01004
1120 4.01004
1121 4.01004
1122 4.01004
1123 4.01004
1124 4.01004
1125 4.01004
1126 4.01004
1127 4.01004
1128 4.01004
1129 4.01004
1130 4.01004
1131 4.01004
1132 4.01004
1133 4.01004
1134 4.01004
1135 4.01004
1136 4.01004
1137 4.01004
1138 4.01004
1139 4.01004
1140 4.01004
1141 4.01004
1142 4.01004
1143 4.01004
1144 4.01004
1145 4.01004
1146 4.01004
1147 4.01004
1148 4.01004
1149 4.01004
1150 4.01004
1151 4.01004
1152 4.01004
1153 4.01004
1154 4.01004
1155 4.01004
1156 4.01004
1157 4.01004
1158 4.01004
1159 4.01004
1160 4.01004
1161 4.01004
1162 4.01004
1163 4.01004
1164 4.01004
1165 4.01004
1166 4.01004
1167 4.01004
1168 4.01004
1169 4.01004
1170 4.01004
1171 4.01004
1172 4.01004
1173 4.01004
1174 4.01004
1175 4.01004
1176 4.01004
1177 4.01004
1178 4.01004
1179 4.01004
1180 4.01004
1181 4.01004
1182 4.01004
1183 4.01004
1184 4.01004
1185 4.01004
1186 4.01004
1187 4.01004
1188 4.01004
1189 4.01004
1190 4.01004
1191 4.01004
1192 4.01004
1193 4.01004
1194 4.01004
1195 4.01004
1196 4.01004
1197 4.01004
1198 4.01004
1199 4.01004
1200 4.01004
1201 4.01004
1202 4.01004
1203 4.01004
1204 4.01004
1205 4.01004
1206 4.01004
1207 4.01004
1208 4.01004
1209 4.01004
1210 4.01004
1211 4.01004
1212 4.01004
1213 4.01004
1214 4.01004
1215 4.01004
1216 4.01004
1217 4.01004
1218 4.01004
1219 4.01004
1220 4.01004
1221 4.01004
1222 4.01004
1223 4.01004
1224 4.01004
1225 4.01004
1226 4.01004
1227 4.01004
1228 4.01004
1229 4.01004
1230 4.01004
1231 4.01004
1232 4.01004
1233 4.01004
1234 4.01004
1235 4.01004
1236 4.01004
1237 4.01004
1238 4.01004
1239 4.01004
1240 4.01004
1241 4.01004
1242 4.01004
1243 4.01004
1244 4.01004
1245 4.01004
1246 4.01004
1247 4.01004
1248 4.01004
1249 4.01004
1250 4.01004
1251 4.01004
1252 4.01004
1253 4.01004
1254 4.01004
1255 4.01004
1256 4.01004
1257 4.01004
1258 4.01004
1259 4.01004
1260 4.01004
1261 4.01004
1262 4.01004
1263 4.01004
1264 4.01004
1265 4.01004
1266 4.01004
1267 4.01004
1268 4.01004
1269 4.01004
1270 4.01004
1271 4.01004
1272 4.01004
1273 4.01004
1274 4.01004
1275 4.01004
1276 4.01004
1277 4.01004
1278 4.01004
1279 4.01004
1280 4.01004
1281 4.01004
1282 4.01004
1283 4.01004
1284 4.01004
1285 4.01004
1286 4.01004
1287 4.01004
1288 4.01004
1289 4.01004
1290 4.01004
1291 4.01004
1292 4.01004
1293 4.01004
1294 4.01004
1295 4.01004
1296 4.01004
1297 4.01004
1298 4.01004
1299 4.01004
1300 4.01004
1301 4.01004
1302 4.01004
1303 4.01004
1304 4.01004
1305 4.01004
1306 4.01004
1307 4.01004
1308 4.01004
1309 4.01004
1310 4.01004
1311 4.01004
1312 4.01004
1313 4.01004
1314 4.01004
1315 4.01004
1316 4.01004
1317 4.01004
1318 4.01004
1319 4.01004
1320 4.01004
1321 4.01004
1322 4.01004
1323 4.01004
1324 4.01004
1325 4.01004
1326 4.01004
1327 4.01004
1328 4.01004
1329 4.01004
1330 4.01004
1331 4.01004
1332 4.01004
1333 4.01004
1334 4.01004
1335 4.01004
1336 4.01004
1337 4.01004
1338 4.01004
1339 4.01004
1340 4.01004
1341 4.01004
1342 4.01004
1343 4.01004
1344 4.01004
1345 4.01004
1346 4.01004
1347 4.01004
1348 4.01004
1349 4.01004
1350 4.01004
1351 4.01004
1352 4.01004
1353 4.01004
1354 4.01004
1355 4.01004
1356 4.01004
1357 4.01004
1358 4.01004
1359 4.01004
1360 4.01004
1361 4.01004
1362 4.01004
1363 4.01004
1364 4.01004
1365 4.01004
1366 4.01004
1367 4.01004
1368 4.01004
1369 4.01004
1370 4.01004
1371 4.01004
1372 4.01004
1373 4.01004
1374 4.01004
1375 4.01004
1376 4.01004
1377 4.01004
1378 4.01004
1379 4.01004
1380 4.01004
1381 4.01004
1382 4.01004
1383 4.01004
1384 4.01004
1385 4.01004
1386 4.01004
1387 4.01004
1388 4.01004
1389 4.01004
1390 4.01004
1391 4.01004
1392 4.01004
1393 4.01004
1394 4.01004
1395 4.01004
1396 4.01004
1397 4.01004
1398 4.01004
1399 4.01004
1400 4.01004
1401 4.01004
1402 4.01004
1403 4.01004
1404 4.01004
1405 4.01004
1406 4.01004
1407 4.01004
1408 4.01004
1409 4.01004
1410 4.01004
1411 4.01004
1412 4.01004
1413 4.01004
1414 4.01004
1415 4.01004
1416 4.01004
1417 4.01004
1418 4.01004
1419 4.01004
1420 4.01004
1421 4.01004
1422 4.01004
1423 4.01004
1424 4.01004
1425 4.01004
1426 4.01004
1427 4.01004
1428 4.01004
1429 4.01004
1430 4.01004
1431 4.01004
1432 4.01004
1433 4.01004
1434 4.01004
1435 4.01004
1436 4.01004
1437 4.01004
1438 4.01004
1439 4.01004
1440 4.01004
1441 4.01004
1442 4.01004
1443 4.01004
1444 4.01004
1445 4.01004
1446 4.01004
1447 4.01004
1448 4.01004
1449 4.01004
1450 4.01004
1451 4.01004
1452 4.01004
1453 4.01004
1454 4.01004
1455 4.01004
1456 4.01004
1457 4.01004
1458 4.01004
1459 4.01004
1460 4.01004
1461 4.01004
1462 4.01004
1463 4.01004
1464 4.01004
1465 4.01004
1466 4.01004
1467 4.01004
1468 4.01004
1469 4.01004
1470 4.01004
1471 4.01004
1472 4.01004
1473 4.01004
1474 4.01004
1475 4.01004
1476 4.01004
1477 4.01004
1478 4.01004
1479 4.01004
1480 4.01004
1481 4.01004
1482 4.01004
1483 4.01004
1484 4.01004
1485 4.01004
1486 4.01004
1487 4.01004
1488 4.01004
1489 4.01004
1490 4.01004
1491 4.01004
1492 4.01004
1493 4.01004
1494 4.01004
1495 4.01004
1496 4.01004
1497 4.01004
1498 4.01004
1499 4.01004
1500 4.01004
1501 4.01004
1502 4.01004
1503 4.01004
1504 4.01004
1505 4.01004
1506 4.01004
1507 4.01004
1508 4.01004
1509 4.01004
1510 4.01004
1511 4.01004
1512 4.01004
1513 4.01004
1514 4.01004
1515 4.01004
1516 4.01004
1517 4.01004
1518 4.01004
1519 4.01004
1520 4.01004
1521 4.01004
1522 4.01004
1523 4.01004
1524 4.01004
1525 4.01004
1526 4.01004
1527 4.01004
1528 4.01004
1529 4.01004
1530 4.01004
1531 4.01004
1532 4.01004
1533 4.01004
1534 4.01004
1535 4.01004
1536 4.01004
1537 4.01004
1538 4.01004
1539 4.01004
1540 4.01004
1541 4.01004
1542 4.01004
1543 4.01004
1544 4.01004
1545 4.01004
1546 4.01004
1547 4.01004
1548 4.01004
1549 4.01004
1550 4.01004
1551 4.01004
1552 4.01004
1553 4.01004
1554 4.01004
1555 4.01004
1556 4.01004
1557 4.01004
1558 4.01004
1559 4.01004
1560 4.01004
1561 4.01004
1562 4.01004
1563 4.01004
1564 4.01004
1565 4.01004
1566 4.01004
1567 4.01004
1568 4.01004
1569 4.01004
1570 4.01004
1571 4.01004
1572 4.01004
1573 4.01004
1574 4.01004
1575 4.01004
1576 4.01004
1577 4.01004
1578 4.01004
1579 4.01004
1580 4.01004
1581 4.01004
1582 4.01004
1583 4.01004
1584 4.01004
1585 4.01004
1586 4.01004
1587 4.01004
1588 4.01004
1589 4.01004
1590 4.01004
1591 4.01004
1592 4.01004
1593 4.01004
1594 4.01004
1595 4.01004
1596 4.01004
1597 4.01004
1598 4.01004
1599 4.01004
1600 4.01004
1601 4.01004
1602 4.01004
1603 4.01004
1604 4.01004
1605 4.01004
1606 4.01004
1607 4.01004
1608 4.01004
1609 4.01004
1610 4.01004
1611 4.01004
1612 4.01004
1613 4.01004
1614 4.01004
1615 4.01004
1616 4.01004
1617 4.01004
1618 4.01004
1619 4.01004
1620 4.01004
1621 4.01004
1622 4.01004
1623 4.01004
1624 4.01004
1625 4.01004
1626 4.01004
1627 4.01004
1628 4.01004
1629 4.01004
1630 4.01004
1631 4.01004
1632 4.01004
1633 4.01004
1634 4.01004
1635 4.01004
1636 4.01004
1637 4.01004
1638 4.01004
1639 4.01004
1640 4.01004
1641 4.01004
1642 4.01004
1643 4.01004
1644 4.01004
1645 4.01004
1646 4.01004
1647 4.01004
1648 4.01004
1649 4.01004
1650 4.01004
1651 4.01004
1652 4.01004
1653 4.01004
1654 4.01004
1655 4.01004
1656 4.01004
1657 4.01004
1658 4.01004
1659 4.01004
1660 4.01004
1661 4.01004
1662 4.01004
1663 4.01004
1664 4.01004
1665 4.01004
1666 4.01004
1667 4.01004
1668 4.01004
1669 4.01004
1670 4.01004
1671 4.01004
1672 4.01004
1673 4.01004
1674 4.01004
1675 4.01004
1676 4.01004
1677 4.01004
1678 4.01004
1679 4.01004
1680 4.01004
1681 4.01004
1682 4.01004
1683 4.01004
1684 4.01004
1685 4.01004
1686 4.01004
1687 4.01004
1688 4.01004
1689 4.01004
1690 4.01004
1691 4.01004
1692 4.01004
1693 4.01004
1694 4.01004
1695 4.01004
1696 4.01004
1697 4.01004
1698 4.01004
1699 4.01004
1700 4.01004
1701 4.01004
1702 4.01004
1703 4.01004
1704 4.01004
1705 4.01004
1706 4.01004
1707 4.01004
1708 4.01004
1709 4.01004
1710 4.01004
1711 4.01004
1712 4.01004
1713 4.01004
1714 4.01004
1715 4.01004
1716 4.01004
1717 4.01004
1718 4.01004
1719 4.01004
1720 4.01004
1721 4.01004
1722 4.01004
1723 4.01004
1724 4.01004
1725 4.01004
1726 4.01004
1727 4.01004
1728 4.01004
1729 4.01004
1730 4.01004
1731 4.01004
1732 4.01004
1733 4.01004
1734 4.01004
1735 4.01004
1736 4.01004
1737 4.01004
1738 4.01004
1739 4.01004
1740 4.01004
1741 4.01004
1742 4.01004
1743 4.01004
1744 4.01004
1745 4.01004
1746 4.01004
1747 4.01004
1748 4.01004
1749 4.01004
1750 4.01004
1751 4.01004
1752 4.01004
1753 4.01004
1754 4.01004
1755 4.01004
1756 4.01004
1757 4.01004
1758 4.01004
1759 4.01004
1760 4.01004
1761 4.01004
1762 4.01004
1763 4.01004
1764 4.01004
1765 4.01004
1766 4.01004
1767 4.01004
1768 4.01004
1769 4.01004
1770 4.01004
1771 4.01004
1772 4.01004
1773 4.01004
1774 4.01004
1775 4.01004
1776 4.01004
1777 4.01004
1778 4.01004
1779 4.01004
1780 4.01004
1781 4.01004
1782 4.01004
1783 4.01004
1784 4.01004
1785 4.01004
1786 4.01004
1787 4.01004
1788 4.01004
1789 4.01004
1790 4.01004
1791 4.01004
1792 4.01004
1793 4.01004
1794 4.01004
1795 4.01004
1796 4.01004
1797 4.01004
1798 4.01004
1799 4.01004
1800 4.01004
1801 4.01004
1802 4.01004
1803 4.01004
1804 4.01004
1805 4.01004
1806 4.01004
1807 4.01004
1808 4.01004
1809 4.01004
1810 4.01004
1811 4.01004
1812 4.01004
1813 4.01004
1814 4.01004
1815 4.01004
1816 4.01004
1817 4.01004
1818 4.01004
1819 4.01004
1820 4.01004
1821 4.01004
1822 4.01004
1823 4.01004
1824 4.01004
1825 4.01004
1826 4.01004
1827 4.01004
1828 4.01004
1829 4.01004
1830 4.01004
1831 4.01004
1832 4.01004
1833 4.01004
1834 4.01004
1835 4.01004
1836 4.01004
1837 4.01004
1838 4.01004
1839 4.01004
1840 4.01004
1841 4.01004
1842 4.01004
1843 4.01004
1844 4.01004
1845 4.01004
1846 4.01004
1847 4.01004
1848 4.01004
1849 4.01004
1850 4.01004
1851 4.01004
1852 4.01004
1853 4.01004
1854 4.01004
1855 4.01004
1856 4.01004
1857 4.01004
1858 4.01004
1859 4.01004
1860 4.01004
1861 4.01004
1862 4.01004
1863 4.01004
1864 4.01004
1865 4.01004
1866 4.01004
1867 4.01004
1868 4.01004
1869 4.01004
1870 4.01004
1871 4.01004
1872 4.01004
1873 4.01004
1874 4.01004
1875 4.01004
1876 4.01004
1877 4.01004
1878 4.01004
1879 4.01004
1880 4.01004
1881 4.01004
1882 4.01004
1883 4.01004
1884 4.01004
1885 4.01004
1886 4.01004
1887 4.01004
1888 4.01004
1889 4.01004
1890 4.01004
1891 4.01004
1892 4.01004
1893 4.01004
1894 4.01004
1895 4.01004
1896 4.01004
1897 4.01004
1898 4.01004
1899 4.01004
1900 4.01004
1901 4.01004
1902 4.01004
1903 4.01004
1904 4.01004
1905 4.01004
1906 4.01004
1907 4.01004
1908 4.01004
1909 4.01004
1910 4.01004
1911 4.01004
1912 4.01004
1913 4.01004
1914 4.01004
1915 4.01004
1916 4.01004
1917 4.01004
1918 4.01004
1919 4.01004
1920 4.01004
1921 4.01004
1922 4.01004
1923 4.01004
1924 4.01004
1925 4.01004
1926 4.01004
1927 4.01004
1928 4.01004
1929 4.01004
1930 4.01004
1931 4.01004
1932 4.01004
1933 4.01004
1934 4.01004
1935 4.01004
1936 4.01004
1937 4.01004
1938 4.01004
1939 4.01004
1940 4.01004
1941 4.01004
1942 4.01004
1943 4.01004
1944 4.01004
1945 4.01004
1946 4.01004
1947 4.01004
1948 4.01004
1949 4.01004
1950 4.01004
1951 4.01004
1952 4.01004
1953 4.01004
1954 4.01004
1955 4.01004
1956 4.01004
1957 4.01004
1958 4.01004
1959 4.01004
1960 4.01004
1961 4.01004
1962 4.01004
1963 4.01004
1964 4.01004
1965 4.01004
1966 4.01004
1967 4.01004
1968 4.01004
1969 4.01004
1970 4.01004
1971 4.01004
1972 4.01004
1973 4.01004
1974 4.01004
1975 4.01004
1976 4.01004
1977 4.01004
1978 4.01004
1979 4.01004
1980 4.01004
1981 4.01004
1982 4.01004
1983 4.01004
1984 4.01004
1985 4.01004
1986 4.01004
1987 4.01004
1988 4.01004
1989 4.01004
1990 4.01004
1991 4.01004
1992 4.01004
1993 4.01004
1994 4.01004
1995 4.01004
1996 4.01004
1997 4.01004
1998 4.01004
1999 4.01004
2000 4.01004
2001 4.01004
2002 4.01004
2003 4.01004
2004 4.01004
2005 4.01004
2006 4.01004
2007 4.01004
2008 4.01004
2009 4.01004
2010 4.01004
2011 4.01004
2012 4.01004
2013 4.01004
2014 4.01004
2015 4.01004
2016 4.01004
2017 4.01004
2018 4.01004
2019 4.01004
2020 4.01004
2021 4.01004
2022 4.01004
2023 4.01004
2024 4.01004
2025 4.01004
2026 4.01004
2027 4.01004
2028 4.01004
2029 4.01004
2030 4.01004
2031 4.01004
2032 4.01004
2033 4.01004
2034 4.01004
2035 4.01004
2036 4.01004
2037 4.01004
2038 4.01004
2039 4.01004
2040 4.01004
2041 4.01004
2042 4.01004
2043 4.01004
2044 4.01004
2045 4.01004
2046 4.01004
2047 4.01004
2048 4.01004
2049 4.01004
2050 4.01004
2051 4.01004
2052 4.01004
2053 4.01004
2054 4.01004
2055 4.01004
2056 4.01004
2057 4.01004
2058 4.01004
2059 4.01004
2060 4.01004
2061 4.01004
2062 4.01004
2063 4.01004
2064 4.01004
2065 4.01004
2066 4.01004
2067 4.01004
2068 4.01004
2069 4.01004
2070 4.01004
2071 4.01004
2072 4.01004
2073 4.01004
2074 4.01004
2075 4.01004
2076 4.01004
2077 4.01004
2078 4.01004
2079 4.01004
2080 4.01004
2081 4.01004
2082 4.01004
2083 4.01004
2084 4.01004
2085 4.01004
2086 4.01004
2087 4.01004
2088 4.01004
2089 4.01004
2090 4.01004
2091 4.01004
2092 4.01004
2093 4.01004
2094 4.01004
2095 4.01004
2096 4.01004
2097 4.01004
2098 4.01004
2099 4.01004
2100 4.01004
2101 4.01004
2102 4.01004
2103 4.01004
2104 4.01004
2105 4.01004
2106 4.01004
2107 4.01004
2108 4.01004
2109 4.01004
2110 4.01004
2111 4.01004
2112 4.01004
2113 4.01004
2114 4.01004
2115 4.01004
2116 4.01004
2117 4.01004
2118 4.01004
2119 4.01004
2120 4.01004
2121 4.01004
2122 4.01004
2123 4.01004
2124 4.01004
2125 4.01004
2126 4.01004
2127 4.01004
2128 4.01004
2129 4.01004
2130 4.01004
2131 4.01004
2132 4.01004
2133 4.01004
2134 4.01004
2135 4.01004
2136 4.01004
2137 4.01004
2138 4.01004
2139 4.01004
2140 4.01004
2141 4.01004
2142 4.01004
2143 4.01004
2144 4.01004
2145 4.01004
2146 4.01004
2147 4.01004
2148 4.01004
2149 4.01004
2150 4.01004
2151 4.01004
2152 4.01004
2153 4.01004
2154 4.01004
2155 4.01004
2156 4.01004
2157 4.01004
2158 4.01004
2159 4.01004
2160 4.01004
2161 4.01004
2162 4.01004
2163 4.01004
2164 4.01004
2165 4.01004
2166 4.01004
2167 4.01004
2168 4.01004
2169 4.01004
2170 4.01004
2171 4.01004
2172 4.01004
2173 4.01004
2174 4.01004
2175 4.01004
2176 4.01004
2177 4.01004
2178 4.01004
2179 4.01004
2180 4.01004
2181 4.01004
2182 4.01004
2183 4.01004
2184 4.01004
2185 4.01004
2186 4.01004
2187 4.01004
2188 4.01004
2189 4.01004
2190 4.01004
2191 4.01004
2192 4.01004
2193 4.01004
2194 4.01004
2195 4.01004
2196 4.01004
2197 4.01004
2198 4.01004
2199 4.01004
2200 4.01004
2201 4.01004
2202 4.01004
2203 4.01004
2204 4.01004
2205 4.01004
2206 4.01004
2207 4.01004
2208 4.01004
2209 4.01004
2210 4.01004
2211 4.01004
2212 4.01004
2213 4.01004
2214 4.01004
2215 4.01004
2216 4.01004
2217 4.01004
2218 4.01004
2219 4.01004
2220 4.01004
2221 4.01004
2222 4.01004
2223 4.01004
2224 4.01004
2225 4.01004
2226 4.01004
2227 4.01004
2228 4.01004
2229 4.01004
2230 4.01004
2231 4.01004
2232 4.01004
2233 4.01004
2234 4.01004
2235 4.01004
2236 4.01004
2237 4.01004
2238 4.01004
2239 4.01004
2240 4.01004
2241 4.01004
2242 4.01004
2243 4.01004
2244 4.01004
2245 4.01004
2246 4.01004
2247 4.01004
2248 4.01004
2249 4.01004
2250 4.01004
2251 4.01004
2252 4.01004
2253 4.01004
2254 4.01004
2255 4.01004
2256 4.01004
2257 4.01004
2258 4.01004
2259 4.01004
2260 4.01004
2261 4.01004
2262 4.01004
2263 4.01004
2264 4.01004
2265 4.01004
2266 4.01004
2267 4.01004
2268 4.01004
2269 4.01004
2270 4.01004
2271 4.01004
2272 4.01004
2273 4.01004
2274 4.01004
2275 4.01004
2276 4.01004
2277 4.01004
2278 4.01004
2279 4.01004
2280 4.01004
2281 4.01004
2282 4.01004
2283 4.01004
2284 4.01004
2285 4.01004
2286 4.01004
2287 4.01004
2288 4.01004
2289 4.01004
2290 4.01004
2291 4.01004
2292 4.01004
2293 4.01004
2294 4.01004
2295 4.01004
2296 4.01004
2297 4.01004
2298 4.01004
2299 4.01004
2300 4.01004
2301 4.01004
2302 4.01004
2303 4.01004
2304 4.01004
2305 4.01004
2306 4.01004
2307 4.01004
2308 4.01004
2309 4.01004
2310 4.01004
2311 4.01004
2312 4.01004
2313 4.01004
2314 4.01004
2315 4.01004
2316 4.01004
2317 4.01004
2318 4.01004
2319 4.01004
2320 4.01004
2321 4.01004
2322 4.01004
2323 4.01004
2324 4.01004
2325 4.01004
2326 4.01004
2327 4.01004
2328 4.01004
2329 4.01004
2330 4.01004
2331 4.01004
2332 4.01004
2333 4.01004
2334 4.01004
2335 4.01004
2336 4.01004
2337 4.01004
2338 4.01004
2339 4.01004
2340 4.01004
2341 4.01004
2342 4.01004
2343 4.01004
2344 4.01004
2345 4.01004
2346 4.01004
2347 4.01004
2348 4.01004
2349 4.01004
2350 4.01004
2351 4.01004
2352 4.01004
2353 4.01004
2354 4.01004
2355 4.01004
2356 4.01004
2357 4.01004
2358 4.01004
2359 4.01004
2360 4.01004
2361 4.01004
2362 4.01004
2363 4.01004
2364 4.01004
2365 4.01004
2366 4.01004
2367 4.01004
2368 4.01004
2369 4.01004
2370 4.01004
2371 4.01004
2372 4.01004
2373 4.01004
2374 4.01004
2375 4.01004
2376 4.01004
2377 4.01004
2378 4.01004
2379 4.01004
2380 4.01004
2381 4.01004
2382 4.01004
2383 4.01004
2384 4.01004
2385 4.01004
2386 4.01004
2387 4.01004
2388 4.01004
2389 4.01004
2390 4.01004
2391 4.01004
2392 4.01004
2393 4.01004
2394 4.01004
2395 4.01004
2396 4.01004
2397 4.01004
2398 4.01004
2399 4.01004
2400 4.01004
2401 4.01004
2402 4.01004
2403 4.01004
2404 4.01004
2405 4.01004
2406 4.01004
2407 4.01004
2408 4.01004
2409 4.01004
2410 4.01004
2411 4.01004
2412 4.01004
2413 4.01004
2414 4.01004
2415 4.01004
2416 4.01004
2417 4.01004
2418 4.01004
2419 4.01004
2420 4.01004
2421 4.01004
2422 4.01004
2423 4.01004
2424 4.01004
2425 4.01004
2426 4.01004
2427 4.01004
2428 4.01004
2429 4.01004
2430 4.01004
2431 4.01004
2432 4.01004
2433 4.01004
2434 4.01004
2435 4.01004
2436 4.01004
2437 4.01004
2438 4.01004
2439 4.01004
2440 4.01004
2441 4.01004
2442 4.01004
2443 4.01004
2444 4.01004
2445 4.01004
2446 4.01004
2447 4.01004
2448 4.01004
2449 4.01004
2450 4.01004
2451 4.01004
2452 4.01004
2453 4.01004
2454 4.01004
2455 4.01004
2456 4.01004
2457 4.01004
2458 4.01004
2459 4.01004
2460 4.01004
2461 4.01004
2462 4.01004
2463 4.01004
2464 4.01004
2465 4.01004
2466 4.01004
2467 4.01004
2468 4.01004
2469 4.01004
2470 4.01004
2471 4.01004
2472 4.01004
2473 4.01004
2474 4.01004
2475 4.01004
2476 4.01004
2477 4.01004
2478 4.01004
2479 4.01004
2480 4.01004
2481 4.01004
2482 4.01004
2483 4.01004
2484 4.01004
2485 4.01004
2486 4.01004
2487 4.01004
2488 4.01004
2489 4.01004
2490 4.01004
2491 4.01004
2492 4.01004
2493 4.01004
2494 4.01004
2495 4.01004
2496 4.01004
2497 4.01004
2498 4.01004
2499 4.01004
2500 4.01004
2501 4.01004
2502 4.01004
2503 4.01004
2504 4.01004
2505 4.01004
2506 4.01004
2507 4.01004
2508 4.01004
2509 4.01004
2510 4.01004
2511 4.01004
2512 4.01004
2513 4.01004
2514 4.01004
2515 4.01004
2516 4.01004
2517 4.01004
2518 4.01004
2519 4.01004
2520 4.01004
2521 4.01004
2522 4.01004
2523 4.01004
2524 4.01004
2525 4.01004
2526 4.01004
2527 4.01004
2528 4.01004
2529 4.01004
2530 4.01004
2531 4.01004
2532 4.01004
2533 4.01004
2534 4.01004
2535 4.01004
2536 4.01004
2537 4.01004
2538 4.01004
2539 4.01004
2540 4.01004
2541 4.01004
2542 4.01004
2543 4.01004
2544 4.01004
2545 4.01004
2546 4.01004
2547 4.01004
2548 4.01004
2549 4.01004
2550 4.01004
2551 4.01004
2552 4.01004
2553 4.01004
2554 4.01004
2555 4.01004
2556 4.01004
2557 4.01004
2558 4.01004
2559 4.01004
2560 4.01004
2561 4.01004
2562 4.01004
2563 4.01004
2564 4.01004
2565 4.01004
2566 4.01004
2567 4.01004
2568 4.01004
2569 4.01004
2570 4.01004
2571 4.01004
2572 4.01004
2573 4.01004
2574 4.01004
2575 4.01004
2576 4.01004
2577 4.01004
2578 4.01004
2579 4.01004
2580 4.01004
2581 4.01004
2582 4.01004
2583 4.01004
2584 4.01004
2585 4.01004
2586 4.01004
2587 4.01004
2588 4.01004
2589 4.01004
2590 4.01004
2591 4.01004
2592 4.01004
2593 4.01004
2594 4.01004
2595 4.01004
2596 4.01004
2597 4.01004
2598 4.01004
2599 4.01004
2600 4.01004
2601 4.01004
2602 4.01004
2603 4.01004
2604 4.01004
2605 4.01004
2606 4.01004
2607 4.01004
2608 4.01004
2609 4.01004
2610 4.01004
2611 4.01004
2612 4.01004
2613 4.01004
2614 4.01004
2615 4.01004
2616 4.01004
2617 4.01004
2618 4.01004
2619 4.01004
2620 4.01004
2621 4.01004
2622 4.01004
2623 4.01004
2624 4.01004
2625 4.01004
2626 4.01004
2627 4.01004
2628 4.01004
2629 4.01004
2630 4.01004
2631 4.01004
2632 4.01004
2633 4.01004
2634 4.01004
2635 4.01004
2636 4.01004
2637 4.01004
2638 4.01004
2639 4.01004
2640 4.01004
2641 4.01004
2642 4.01004
2643 4.01004
2644 4.01004
2645 4.01004
2646 4.01004
2647 4.01004
2648 4.01004
2649 4.01004
2650 4.01004
2651 4.01004
2652 4.01004
2653 4.01004
2654 4.01004
2655 4.01004
2656 4.01004
2657 4.01004
2658 4.01004
2659 4.01004
2660 4.01004
2661 4.01004
2662 4.01004
2663 4.01004
2664 4.01004
2665 4.01004
2666 4.01004
2667 4.01004
2668 4.01004
2669 4.01004
2670 4.01004
2671 4.01004
2672 4.01004
2673 4.01004
2674 4.01004
2675 4.01004
2676 4.01004
2677 4.01004
2678 4.01004
2679 4.01004
2680 4.01004
2681 4.01004
2682 4.01004
2683 4.01004
2684 4.01004
2685 4.01004
2686 4.01004
2687 4.01004
2688 4.01004
2689 4.01004
2690 4.01004
2691 4.01004
2692 4.01004
2693 4.01004
2694 4.01004
2695 4.01004
2696 4.01004
2697 4.01004
2698 4.01004
2699 4.01004
2700 4.01004
2701 4.01004
2702 4.01004
2703 4.01004
2704 4.01004
2705 4.01004
2706 4.01004
2707 4.01004
2708 4.01004
2709 4.01004
2710 4.01004
2711 4.01004
2712 4.01004
2713 4.01004
2714 4.01004
2715 4.01004
2716 4.01004
2717 4.01004
2718 4.01004
2719 4.01004
2720 4.01004
2721 4.01004
2722 4.01004
2723 4.01004
2724 4.01004
2725 4.01004
2726 4.01004
2727 4.01004
2728 4.01004
2729 4.01004
2730 4.01004
2731 4.01004
2732 4.01004
2733 4.01004
2734 4.01004
2735 4.01004
2736 4.01004
2737 4.01004
2738 4.01004
2739 4.01004
2740 4.01004
2741 4.01004
2742 4.01004
2743 4.01004
2744 4.01004
2745 4.01004
2746 4.01004
2747 4.01004
2748 4.01004
2749 4.01004
2750 4.01004
2751 4.01004
2752 4.01004
2753 4.01004
2754 4.01004
2755 4.01004
2756 4.01004
2757 4.01004
2758 4.01004
2759 4.01004
2760 4.01004
2761 4.01004
2762 4.01004
2763 4.01004
2764 4.01004
2765 4.01004
2766 4.01004
2767 4.01004
2768 4.01004
2769 4.01004
2770 4.01004
2771 4.01004
2772 4.01004
2773 4.01004
2774 4.01004
2775 4.01004
2776 4.01004
2777 4.01004
2778 4.01004
2779 4.01004
2780 4.01004
2781 4.01004
2782 4.01004
2783 4.01004
2784 4.01004
2785 4.01004
2786 4.01004
2787 4.01004
2788 4.01004
2789 4.01004
2790 4.01004
2791 4.01004
2792 4.01004
2793 4.01004
2794 4.01004
2795 4.01004
2796 4.01004
2797 4.01004
2798 4.01004
2799 4.01004
2800 4.01004
2801 4.01004
2802 4.01004
2803 4.01004
2804 4.01004
2805 4.01004
2806 4.01004
2807 4.01004
2808 4.01004
2809 4.01004
2810 4.01004
2811 4.01004
2812 4.01004
2813 4.01004
2814 4.01004
2815 4.01004
2816 4.01004
2817 4.01004
2818 4.01004
2819 4.01004
2820 4.01004
2821 4.01004
2822 4.01004
2823 4.01004
2824 4.01004
2825 4.01004
2826 4.01004
2827 4.01004
2828 4.01004
2829 4.01004
2830 4.01004
2831 4.01004
2832 4.01004
2833 4.01004
2834 4.01004
2835 4.01004
2836 4.01004
2837 4.01004
2838 4.01004
2839 4.01004
2840 4.01004
2841 4.01004
2842 4.01004
2843 4.01004
2844 4.01004
2845 4.01004
2846 4.01004
2847 4.01004
2848 4.01004
2849 4.01004
2850 4.01004
2851 4.01004
2852 4.01004
2853 4.01004
2854 4.01004
2855 4.01004
2856 4.01004
2857 4.01004
2858 4.01004
2859 4.01004
2860 4.01004
2861 4.01004
2862 4.01004
2863 4.01004
2864 4.01004
2865 4.01004
2866 4.01004
2867 4.01004
2868 4.01004
2869 4.01004
2870 4.01004
2871 4.01004
2872 4.01004
2873 4.01004
2874 4.01004
2875 4.01004
2876 4.01004
2877 4.01004
2878 4.01004
2879 4.01004
2880 4.01004
2881 4.01004
2882 4.01004
2883 4.01004
2884 4.01004
2885 4.01004
2886 4.01004
2887 4.01004
2888 4.01004
2889 4.01004
2890 4.01004
2891 4.01004
2892 4.01004
2893 4.01004
2894 4.01004
2895 4.01004
2896 4.01004
2897 4.01004
2898 4.01004
2899 4.01004
2900 4.01004
2901 4.01004
2902 4.01004
2903 4.01004
2904 4.01004
2905 4.01004
2906 4.01004
2907 4.01004
2908 4.01004
2909 4.01004
2910 4.01004
2911 4.01004
2912 4.01004
2913 4.01004
2914 4.01004
2915 4.01004
2916 4.01004
2917 4.01004
2918 4.01004
2919 4.01004
2920 4.01004
2921 4.01004
2922 4.01004
2923 4.01004
2924 4.01004
2925 4.01004
2926 4.01004
2927 4.01004
2928 4.01004
2929 4.01004
2930 4.01004
2931 4.01004
2932 4.01004
2933 4.01004
2934 4.01004
2935 4.01004
2936 4.01004
2937 4.01004
2938 4.01004
2939 4.01004
2940 4.01004
2941 4.01004
2942 4.01004
2943 4.01004
2944 4.01004
2945 4.01004
2946 4.01004
2947 4.01004
2948 4.01004
2949 4.01004
2950 4.01004
2951 4.01004
2952 4.01004
2953 4.01004
2954 4.01004
2955 4.01004
2956 4.01004
2957 4.01004
2958 4.01004
2959 4.01004
2960 4.01004
2961 4.01004
2962 4.01004
2963 4.01004
2964 4.01004
2965 4.01004
2966 4.01004
2967 4.01004
2968 4.01004
2969 4.01004
2970 4.01004
2971 4.01004
2972 4.01004
2973 4.01004
2974 4.01004
2975 4.01004
2976 4.01004
2977 4.01004
2978 4.01004
2979 4.01004
2980 4.01004
2981 4.01004
2982 4.01004
2983 4.01004
2984 4.01004
2985 4.01004
2986 4.01004
2987 4.01004
2988 4.01004
2989 4.01004
2990 4.01004
2991 4.01004
2992 4.01004
2993 4.01004
2994 4.01004
2995 4.01004
2996 4.01004
2997 4.01004
2998 4.01004
2999 4.01004
3000 4.01004
3001 4.01004
3002 4.01004
3003 4.01004
3004 4.01004
3005 4.01004
3006 4.01004
3007 4.01004
3008 4.01004
3009 4.01004
3010 4.01004
3011 4.01004
3012 4.01004
3013 4.01004
3014 4.01004
3015 4.01004
3016 4.01004
3017 4.01004
3018 4.01004
3019 4.01004
3020 4.01004
3021 4.01004
3022 4.01004
3023 4.01004
3024 4.01004
3025 4.01004
3026 4.01004
3027 4.01004
3028 4.01004
3029 4.01004
3030 4.01004
3031 4.01004
3032 4.01004
3033 4.01004
3034 4.01004
3035 4.01004
3036 4.01004
3037 4.01004
3038 4.01004
3039 4.01004
3040 4.01004
3041 4.01004
3042 4.01004
3043 4.01004
3044 4.01004
3045 4.01004
3046 4.01004
3047 4.01004
3048 4.01004
3049 4.01004
3050 4.01004
3051 4.01004
3052 4.01004
3053 4.01004
3054 4.01004
3055 4.01004
3056 4.01004
3057 4.01004
3058 4.01004
3059 4.01004
3060 4.01004
3061 4.01004
3062 4.01004
3063 4.01004
3064 4.01004
3065 4.01004
3066 4.01004
3067 4.01004
3068 4.01004
3069 4.01004
3070 4.01004
3071 4.01004
3072 4.01004
3073 4.01004
3074 4.01004
3075 4.01004
3076 4.01004
3077 4.01004
3078 4.01004
3079 4.01004
3080 4.01004
3081 4.01004
3082 4.01004
3083 4.01004
3084 4.01004
3085 4.01004
3086 4.01004
3087 4.01004
3088 4.01004
3089 4.01004
3090 4.01004
3091 4.01004
3092 4.01004
3093 4.01004
3094 4.01004
3095 4.01004
3096 4.01004
3097 4.01004
3098 4.01004
3099 4.01004
3100 4.01004
3101 4.01004
3102 4.01004
3103 4.01004
3104 4.01004
3105 4.01004
3106 4.01004
3107 4.01004
3108 4.01004
3109 4.01004
3110 4.01004
3111 4.01004
3112 4.01004
3113 4.01004
3114 4.01004
3115 4.01004
3116 4.01004
3117 4.01004
3118 4.01004
3119 4.01004
3120 4.01004
3121 4.01004
3122 4.01004
3123 4.01004
3124 4.01004
3125 4.01004
3126 4.01004
3127 4.01004
3128 4.01004
3129 4.01004
3130 4.01004
3131 4.01004
3132 4.01004
3133 4.01004
3134 4.01004
3135 4.01004
3136 4.01004
3137 4.01004
3138 4.01004
3139 4.01004
3140 4.01004
3141 4.01004
3142 4.01004
3143 4.01004
3144 4.01004
3145 4.01004
3146 4.01004
3147 4.01004
3148 4.01004
3149 4.01004
3150 4.01004
3151 4.01004
3152 4.01004
3153 4.01004
3154 4.01004
3155 4.01004
3156 4.01004
3157 4.01004
3158 4.01004
3159 4.01004
3160 4.01004
3161 4.01004
3162 4.01004
3163 4.01004
3164 4.01004
3165 4.01004
3166 4.01004
3167 4.01004
3168 4.01004
3169 4.01004
3170 4.01004
3171 4.01004
3172 4.01004
3173 4.01004
3174 4.01004
3175 4.01004
3176 4.01004
3177 4.01004
3178 4.01004
3179 4.01004
3180 4.01004
3181 4.01004
3182 4.01004
3183 4.01004
3184 4.01004
3185 4.01004
3186 4.01004
3187 4.01004
3188 4.01004
3189 4.01004
3190 4.01004
3191 4.01004
3192 4.01004
3193 4.01004
3194 4.01004
3195 4.01004
3196 4.01004
3197 4.01004
3198 4.01004
3199 4.01004
3200 4.01004
3201 4.01004
3202 4.01004
3203 4.01004
3204 4.01004
3205 4.01004
3206 4.01004
3207 4.01004
3208 4.01004
3209 4.01004
3210 4.01004
3211 4.01004
3212 4.01004
3213 4.01004
3214 4.01004
3215 4.01004
3216 4.01004
3217 4.01004
3218 4.01004
3219 4.01004
3220 4.01004
3221 4.01004
3222 4.01004
3223 4.01004
3224 4.01004
3225 4.01004
3226 4.01004
3227 4.01004
3228 4.01004
3229 4.01004
3230 4.01004
3231 4.01004
3232 4.01004
3233 4.01004
3234 4.01004
3235 4.01004
3236 4.01004
3237 4.01004
3238 4.01004
3239 4.01004
3240 4.01004
3241 4.01004
3242 4.01004
3243 4.01004
3244 4.01004
3245 4.01004
3246 4.01004
3247 4.01004
3248 4.01004
3249 4.01004
3250 4.01004
3251 4.01004
3252 4.01004
3253 4.01004
3254 4.01004
3255 4.01004
3256 4.01004
3257 4.01004
3258 4.01004
3259 4.01004
3260 4.01004
3261 4.01004
3262 4.01004
3263 4.01004
3264 4.01004
3265 4.01004
3266 4.01004
3267 4.01004
3268 4.01004
3269 4.01004
3270 4.01004
3271 4.01004
3272 4.01004
3273 4.01004
3274 4.01004
3275 4.01004
3276 4.01004
3277 4.01004
3278 4.01004
3279 4.01004
3280 4.01004
3281 4.01004
3282 4.01004
3283 4.01004
3284 4.01004
3285 4.01004
3286 4.01004
3287 4.01004
3288 4.01004
3289 4.01004
3290 4.01004
3291 4.01004
3292 4.01004
3293 4.01004
3294 4.01004
3295 4.01004
3296 4.01004
3297 4.01004
3298 4.01004
3299 4.01004
3300 4.01004
3301 4.01004
3302 4.01004
3303 4.01004
3304 4.01004
3305 4.01004
3306 4.01004
3307 4.01004
3308 4.01004
3309 4.01004
3310 4.01004
3311 4.01004
3312 4.01004
3313 4.01004
3314 4.01004
3315 4.01004
3316 4.01004
3317 4.01004
3318 4.01004
3319 4.01004
3320 4.01004
3321 4.01004
3322 4.01004
3323 4.01004
3324 4.01004
3325 4.01004
3326 4.01004
3327 4.01004
3328 4.01004
3329 4.01004
3330 4.01004
3331 4.01004
3332 4.01004
3333 4.01004
3334 4.01004
3335 4.01004
3336 4.01004
3337 4.01004
3338 4.01004
3339 4.01004
3340 4.01004
3341 4.01004
3342 4.01004
3343 4.01004
3344 4.01004
3345 4.01004
3346 4.01004
3347 4.01004
3348 4.01004
3349 4.01004
3350 4.01004
3351 4.01004
3352 4.01004
3353 4.01004
3354 4.01004
3355 4.01004
3356 4.01004
3357 4.01004
3358 4.01004
3359 4.01004
3360 4.01004
3361 4.01004
3362 4.01004
3363 4.01004
3364 4.01004
3365 4.01004
3366 4.01004
3367 4.01004
3368 4.01004
3369 4.01004
3370 4.01004
3371 4.01004
3372 4.01004
3373 4.01004
3374 4.01004
3375 4.01004
3376 4.01004
3377 4.01004
3378 4.01004
3379 4.01004
3380 4.01004
3381 4.01004
3382 4.01004
3383 4.01004
3384 4.01004
3385 4.01004
3386 4.01004
3387 4.01004
3388 4.01004
3389 4.01004
3390 4.01004
3391 4.01004
3392 4.01004
3393 4.01004
3394 4.01004
3395 4.01004
3396 4.01004
3397 4.01004
3398 4.01004
3399 4.01004
3400 4.01004
3401 4.01004
3402 4.01004
3403 4.01004
3404 4.01004
3405 4.01004
3406 4.01004
3407 4.01004
3408 4.01004
3409 4.01004
3410 4.01004
3411 4.01004
3412 4.01004
3413 4.01004
3414 4.01004
3415 4.01004
3416 4.01004
3417 4.01004
3418 4.01004
3419 4.01004
3420 4.01004
3421 4.01004
3422 4.01004
3423 4.01004
3424 4.01004
3425 4.01004
3426 4.01004
3427 4.01004
3428 4.01004
3429 4.01004
3430 4.01004
3431 4.01004
3432 4.01004
3433 4.01004
3434 4.01004
3435 4.01004
3436 4.01004
3437 4.01004
3438 4.01004
3439 4.01004
3440 4.01004
3441 4.01004
3442 4.01004
3443 4.01004
3444 4.01004
3445 4.01004
3446 4.01004
3447 4.01004
3448 4.01004
3449 4.01004
3450 4.01004
3451 4.01004
3452 4.01004
3453 4.01004
3454 4.01004
3455 4.01004
3456 4.01004
3457 4.01004
3458 4.01004
3459 4.01004
3460 4.01004
3461 4.01004
3462 4.01004
3463 4.01004
3464 4.01004
3465 4.01004
3466 4.01004
3467 4.01004
3468 4.01004
3469 4.01004
3470 4.01004
3471 4.01004
3472 4.01004
3473 4.01004
3474 4.01004
3475 4.01004
3476 4.01004
3477 4.01004
3478 4.01004
3479 4.01004
3480 4.01004
3481 4.01004
3482 4.01004
3483 4.01004
3484 4.01004
3485 4.01004
3486 4.01004
3487 4.01004
3488 4.01004
3489 4.01004
3490 4.01004
3491 4.01004
3492 4.01004
3493 4.01004
3494 4.01004
3495 4.01004
3496 4.01004
3497 4.01004
3498 4.01004
3499 4.01004
3500 4.01004
3501 4.01004
3502 4.01004
3503 4.01004
3504 4.01004
3505 4.01004
3506 4.01004
3507 4.01004
3508 4.01004
3509 4.01004
3510 4.01004
3511 4.01004
3512 4.01004
3513 4.01004
3514 4.01004
3515 4.01004
3516 4.01004
3517 4.01004
3518 4.01004
3519 4.01004
3520 4.01004
3521 4.01004
3522 4.01004
3523 4.01004
3524 4.01004
3525 4.01004
3526 4.01004
3527 4.01004
3528 4.01004
3529 4.01004
3530 4.01004
3531 4.01004
3532 4.01004
3533 4.01004
3534 4.01004
3535 4.01004
3536 4.01004
3537 4.01004
3538 4.01004
3539 4.01004
3540 4.01004
3541 4.01004
3542 4.01004
3543 4.01004
3544 4.01004
3545 4.01004
3546 4.01004
3547 4.01004
3548 4.01004
3549 4.01004
3550 4.01004
3551 4.01004
3552 4.01004
3553 4.01004
3554 4.01004
3555 4.01004
3556 4.01004
3557 4.01004
3558 4.01004
3559 4.01004
3560 4.01004
3561 4.01004
3562 4.01004
3563 4.01004
3564 4.01004
3565 4.01004
3566 4.01004
3567 4.01004
3568 4.01004
3569 4.01004
3570 4.01004
3571 4.01004
3572 4.01004
3573 4.01004
3574 4.01004
3575 4.01004
3576 4.01004
3577 4.01004
3578 4.01004
3579 4.01004
3580 4.01004
3581 4.01004
3582 4.01004
3583 4.01004
3584 4.01004
3585 4.01004
3586 4.01004
3587 4.01004
3588 4.01004
3589 4.01004
3590 4.01004
3591 4.01004
3592 4.01004
3593 4.01004
3594 4.01004
3595 4.01004
3596 4.01004
3597 4.01004
3598 4.01004
3599 4.01004
3600 4.01004
3601 4.01004
3602 4.01004
3603 4.01004
3604 4.01004
3605 4.01004
3606 4.01004
3607 4.01004
3608 4.01004
3609 4.01004
3610 4.01004
3611 4.01004
3612 4.01004
3613 4.01004
3614 4.01004
3615 4.01004
3616 4.01004
3617 4.01004
3618 4.01004
3619 4.01004
3620 4.01004
3621 4.01004
3622 4.01004
3623 4.01004
3624 4.01004
3625 4.01004
3626 4.01004
3627 4.01004
3628 4.01004
3629 4.01004
3630 4.01004
3631 4.01004
3632 4.01004
3633 4.01004
3634 4.01004
3635 4.01004
3636 4.01004
3637 4.01004
3638 4.01004
3639 4.01004
3640 4.01004
3641 4.01004
3642 4.01004
3643 4.01004
3644 4.01004
3645 4.01004
3646 4.01004
3647 4.01004
3648 4.01004
3649 4.01004
3650 4.01004
3651 4.01004
3652 4.01004
3653 4.01004
3654 4.01004
3655 4.01004
3656 4.01004
3657 4.01004
3658 4.01004
3659 4.01004
3660 4.01004
3661 4.01004
3662 4.01004
3663 4.01004
3664 4.01004
3665 4.01004
3666 4.01004
3667 4.01004
3668 4.01004
3669 4.01004
3670 4.01004
3671 4.01004
3672 4.01004
3673 4.01004
3674 4.01004
3675 4.01004
3676 4.01004
3677 4.01004
3678 4.01004
3679 4.01004
3680 4.01004
3681 4.01004
3682 4.01004
3683 4.01004
3684 4.01004
3685 4.01004
3686 4.01004
3687 4.01004
3688 4.01004
3689 4.01004
3690 4.01004
3691 4.01004
3692 4.01004
3693 4.01004
3694 4.01004
3695 4.01004
3696 4.01004
3697 4.01004
3698 4.01004
3699 4.01004
3700 4.01004
3701 4.01004
3702 4.01004
3703 4.01004
3704 4.01004
3705 4.01004
3706 4.01004
3707 4.01004
3708 4.01004
3709 4.01004
3710 4.01004
3711 4.01004
3712 4.01004
3713 4.01004
3714 4.01004
3715 4.01004
3716 4.01004
3717 4.01004
3718 4.01004
3719 4.01004
3720 4.01004
3721 4.01004
3722 4.01004
3723 4.01004
3724 4.01004
3725 4.01004
3726 4.01004
3727 4.01004
3728 4.01004
3729 4.01004
3730 4.01004
3731 4.01004
3732 4.01004
3733 4.01004
3734 4.01004
3735 4.01004
3736 4.01004
3737 4.01004
3738 4.01004
3739 4.01004
3740 4.01004
3741 4.01004
3742 4.01004
3743 4.01004
3744 4.01004
3745 4.01004
3746 4.01004
3747 4.01004
3748 4.01004
3749 4.01004
3750 4.01004
3751 4.01004
3752 4.01004
3753 4.01004
3754 4.01004
3755 4.01004
3756 4.01004
3757 4.01004
3758 4.01004
3759 4.01004
3760 4.01004
3761 4.01004
3762 4.01004
3763 4.01004
3764 4.01004
3765 4.01004
3766 4.01004
3767 4.01004
3768 4.01004
3769 4.01004
3770 4.01004
3771 4.01004
3772 4.01004
3773 4.01004
3774 4.01004
3775 4.01004
3776 4.01004
3777 4.01004
3778 4.01004
3779 4.01004
3780 4.01004
3781 4.01004
3782 4.01004
3783 4.01004
3784 4.01004
3785 4.01004
3786 4.01004
3787 4.01004
3788 4.01004
3789 4.01004
3790 4.01004
3791 4.01004
3792 4.01004
3793 4.01004
3794 4.01004
3795 4.01004
3796 4.01004
3797 4.01004
3798 4.01004
3799 4.01004
3800 4.01004
3801 4.01004
3802 4.01004
3803 4.01004
3804 4.01004
3805 4.01004
3806 4.01004
3807 4.01004
3808 4.01004
3809 4.01004
3810 4.01004
3811 4.01004
3812 4.01004
3813 4.01004
3814 4.01004
3815 4.01004
3816 4.01004
3817 4.01004
3818 4.01004
3819 4.01004
3820 4.01004
3821 4.01004
3822 4.01004
3823 4.01004
3824 4.01004
3825 4.01004
3826 4.01004
3827 4.01004
3828 4.01004
3829 4.01004
3830 4.01004
3831 4.01004
3832 4.01004
3833 4.01004
3834 4.01004
3835 4.01004
3836 4.01004
3837 4.01004
3838 4.01004
3839 4.01004
3840 4.01004
3841 4.01004
3842 4.01004
3843 4.01004
3844 4.01004
3845 4.01004
3846 4.01004
3847 4.01004
3848 4.01004
3849 4.01004
3850 4.01004
3851 4.01004
3852 4.01004
3853 4.01004
3854 4.01004
3855 4.01004
3856 4.01004
3857 4.01004
3858 4.01004
3859 4.01004
3860 4.01004
3861 4.01004
3862 4.01004
3863 4.01004
3864 4.01004
3865 4.01004
3866 4.01004
3867 4.01004
3868 4.01004
3869 4.01004
3870 4.01004
3871 4.01004
3872 4.01004
3873 4.01004
3874 4.01004
3875 4.01004
3876 4.01004
3877 4.01004
3878 4.01004
3879 4.01004
3880 4.01004
3881 4.01004
3882 4.01004
3883 4.01004
3884 4.01004
3885 4.01004
3886 4.01004
3887 4.01004
3888 4.01004
3889 4.01004
3890 4.01004
3891 4.01004
3892 4.01004
3893 4.01004
3894 4.01004
3895 4.01004
3896 4.01004
3897 4.01004
3898 4.01004
3899 4.01004
3900 4.01004
3901 4.01004
3902 4.01004
3903 4.01004
3904 4.01004
3905 4.01004
3906 4.01004
3907 4.01004
3908 4.01004
3909 4.01004
3910 4.01004
3911 4.01004
3912 4.01004
3913 4.01004
3914 4.01004
3915 4.01004
3916 4.01004
3917 4.01004
3918 4.01004
3919 4.01004
3920 4.01004
3921 4.01004
3922 4.01004
3923 4.01004
3924 4.01004
3925 4.01004
3926 4.01004
3927 4.01004
3928 4.01004
3929 4.01004
3930 4.01004
3931 4.01004
3932 4.01004
3933 4.01004
3934 4.01004
3935 4.01004
3936 4.01004
3937 4.01004
3938 4.01004
3939 4.01004
3940 4.01004
3941 4.01004
3942 4.01004
3943 4.01004
3944 4.01004
3945 4.01004
3946 4.01004
3947 4.01004
3948 4.01004
3949 4.01004
3950 4.01004
3951 4.01004
3952 4.01004
3953 4.01004
3954 4.01004
3955 4.01004
3956 4.01004
3957 4.01004
3958 4.01004
3959 4.01004
3960 4.01004
3961 4.01004
3962 4.01004
3963 4.01004
3964 4.01004
3965 4.01004
3966 4.01004
3967 4.01004
3968 4.01004
3969 4.01004
3970 4.01004
3971 4.01004
3972 4.01004
3973 4.01004
3974 4.01004
3975 4.01004
3976 4.01004
3977 4.01004
3978 4.01004
3979 4.01004
3980 4.01004
3981 4.01004
3982 4.01004
3983 4.01004
3984 4.01004
3985 4.01004
3986 4.01004
3987 4.01004
3988 4.01004
3989 4.01004
3990 4.01004
3991 4.01004
3992 4.01004
3993 4.01004
3994 4.01004
3995 4.01004
3996 4.01004
3997 4.01004
3998 4.01004
3999 4.01004
4000 4.01004
4001 4.01004
4002 4.01004
4003 4.01004
4004 4.01004
4005 4.01004
4006 4.01004
4007 4.01004
4008 4.01004
4009 4.01004
4010 4.01004
4011 4.01004
4012 4.01004
4013 4.01004
4014 4.01004
4015 4.01004
4016 4.01004
4017 4.01004
4018 4.01004
4019 4.01004
4020 4.01004
4021 4.01004
4022 4.01004
4023 4.01004
4024 4.01004
4025 4.01004
4026 4.01004
4027 4.01004
4028 4.01004
4029 4.01004
4030 4.01004
4031 4.01004
4032 4.01004
4033 4.01004
4034 4.01004
4035 4.01004
4036 4.01004
4037 4.01004
4038 4.01004
4039 4.01004
4040 4.01004
4041 4.01004
4042 4.01004
4043 4.01004
4044 4.01004
4045 4.01004
4046 4.01004
4047 4.01004
4048 4.01004
4049 4.01004
4050 4.01004
4051 4.01004
4052 4.01004
4053 4.01004
4054 4.01004
4055 4.01004
4056 4.01004
4057 4.01004
4058 4.01004
4059 4.01004
4060 4.01004
4061 4.01004
4062 4.01004
4063 4.01004
4064 4.01004
4065 4.01004
4066 4.01004
4067 4.01004
4068 4.01004
4069 4.01004
4070 4.01004
4071 4.01004
4072 4.01004
4073 4.01004
4074 4.01004
4075 4.01004
4076 4.01004
4077 4.01004
4078 4.01004
4079 4.01004
4080 4.01004
4081 4.01004
4082 4.01004
4083 4.01004
4084 4.01004
4085 4.01004
4086 4.01004
4087 4.01004
4088 4.01004
4089 4.01004
4090 4.01004
4091 4.01004
4092 4.01004
4093 4.01004
4094 4.01004
4095 4.01004
4096 4.01004
4097 4.01004
4098 4.01004
4099 4.01004
4100 4.01004
4101 4.01004
4102 4.01004
4103 4.01004
4104 4.01004
4105 4.01004
4106 4.01004
4107 4.01004
4108 4.01004
4109 4.01004
4110 4.01004
4111 4.01004
4112 4.01004
4113 4.01004
4114 4.01004
4115 4.01004
4116 4.01004
4117 4.01004
4118 4.01004
4119 4.01004
4120 4.01004
4121 4.01004
4122 4.01004
4123 4.01004
4124 4.01004
4125 4.01004
4126 4.01004
4127 4.01004
4128 4.01004
4129 4.01004
4130 4.01004
4131 4.01004
4132 4.01004
4133 4.01004
4134 4.01004
4135 4.01004
4136 4.01004
4137 4.01004
4138 4.01004
4139 4.01004
4140 4.01004
4141 4.01004
4142 4.01004
4143 4.01004
4144 4.01004
4145 4.01004
4146 4.01004
4147 4.01004
4148 4.01004
4149 4.01004
4150 4.01004
4151 4.01004
4152 4.01004
4153 4.01004
4154 4.01004
4155 4.01004
4156 4.01004
4157 4.01004
4158 4.01004
4159 4.01004
4160 4.01004
4161 4.01004
4162 4.01004
4163 4.01004
4164 4.01004
4165 4.01004
4166 4.01004
4167 4.01004
4168 4.01004
4169 4.01004
4170 4.01004
4171 4.01004
4172 4.01004
4173 4.01004
4174 4.01004
4175 4.01004
4176 4.01004
4177 4.01004
4178 4.01004
4179 4.01004
4180 4.01004
4181 4.01004
4182 4.01004
4183 4.01004
4184 4.01004
4185 4.01004
4186 4.01004
4187 4.01004
4188 4.01004
4189 4.01004
4190 4.01004
4191 4.01004
4192 4.01004
4193 4.01004
4194 4.01004
4195 4.01004
4196 4.01004
4197 4.01004
4198 4.01004
4199 4.01004
4200 4.01004
4201 4.01004
4202 4.01004
4203 4.01004
4204 4.01004
4205 4.01004
4206 4.01004
4207 4.01004
4208 4.01004
4209 4.01004
4210 4.01004
4211 4.01004
4212 4.01004
4213 4.01004
4214 4.01004
4215 4.01004
4216 4.01004
4217 4.01004
4218 4.01004
4219 4.01004
4220 4.01004
4221 4.01004
4222 4.01004
4223 4.01004
4224 4.01004
4225 4.01004
4226 4.01004
4227 4.01004
4228 4.01004
4229 4.01004
4230 4.01004
4231 4.01004
4232 4.01004
4233 4.01004
4234 4.01004
4235 4.01004
4236 4.01004
4237 4.01004
4238 4.01004
4239 4.01004
4240 4.01004
4241 4.01004
4242 4.01004
4243 4.01004
4244 4.01004
4245 4.01004
4246 4.01004
4247 4.01004
4248 4.01004
4249 4.01004
4250 4.01004
4251 4.01004
4252 4.01004
4253 4.01004
4254 4.01004
4255 4.01004
4256 4.01004
4257 4.01004
4258 4.01004
4259 4.01004
4260 4.01004
4261 4.01004
4262 4.01004
4263 4.01004
4264 4.01004
4265 4.01004
4266 4.01004
4267 4.01004
4268 4.01004
4269 4.01004
4270 4.01004
4271 4.01004
4272 4.01004
4273 4.01004
4274 4.01004
4275 4.01004
4276 4.01004
4277 4.01004
4278 4.01004
4279 4.01004
4280 4.01004
4281 4.01004
4282 4.01004
4283 4.01004
4284 4.01004
4285 4.01004
4286 4.01004
4287 4.01004
4288 4.01004
4289 4.01004
4290 4.01004
4291 4.01004
4292 4.01004
4293 4.01004
4294 4.01004
4295 4.01004
4296 4.01004
4297 4.01004
4298 4.01004
4299 4.01004
4300 4.01004
4301 4.01004
4302 4.01004
4303 4.01004
4304 4.01004
4305 4.01004
4306 4.01004
4307 4.01004
4308 4.01004
4309 4.01004
4310 4.01004
4311 4.01004
4312 4.01004
4313 4.01004
4314 4.01004
4315 4.01004
4316 4.01004
4317 4.01004
4318 4.01004
4319 4.01004
4320 4.01004
4321 4.01004
4322 4.01004
4323 4.01004
4324 4.01004
4325 4.01004
4326 4.01004
4327 4.01004
4328 4.01004
4329 4.01004
4330 4.01004
4331 4.01004
4332 4.01004
4333 4.01004
4334 4.01004
4335 4.01004
4336 4.01004
4337 4.01004
4338 4.01004
4339 4.01004
4340 4.01004
4341 4.01004
4342 4.01004
4343 4.01004
4344 4.01004
4345 4.01004
4346 4.01004
4347 4.01004
4348 4.01004
4349 4.01004
4350 4.01004
4351 4.01004
4352 4.01004
4353 4.01004
4354 4.01004
4355 4.01004
4356 4.01004
4357 4.01004
4358 4.01004
4359 4.01004
4360 4.01004
4361 4.01004
4362 4.01004
4363 4.01004
4364 4.01004
4365 4.01004
4366 4.01004
4367 4.01004
4368 4.01004
4369 4.01004
4370 4.01004
4371 4.01004
4372 4.01004
4373 4.01004
4374 4.01004
4375 4.01004
4376 4.01004
4377 4.01004
4378 4.01004
4379 4.01004
4380 4.01004
4381 4.01004
4382 4.01004
4383 4.01004
4384 4.01004
4385 4.01004
4386 4.01004
4387 4.01004
4388 4.01004
4389 4.01004
4390 4.01004
4391 4.01004
4392 4.01004
4393 4.01004
4394 4.01004
4395 4.01004
4396 4.01004
4397 4.01004
4398 4.01004
4399 4.01004
4400 4.01004
4401 4.01004
4402 4.01004
4403 4.01004
4404 4.01004
4405 4.01004
4406 4.01004
4407 4.01004
4408 4.01004
4409 4.01004
4410 4.01004
4411 4.01004
4412 4.01004
4413 4.01004
4414 4.01004
4415 4.01004
4416 4.01004
4417 4.01004
4418 4.01004
4419 4.01004
4420 4.01004
4421 4.01004
4422 4.01004
4423 4.01004
4424 4.01004
4425 4.01004
4426 4.01004
4427 4.01004
4428 4.01004
4429 4.01004
4430 4.01004
4431 4.01004
4432 4.01004
4433 4.01004
4434 4.01004
4435 4.01004
4436 4.01004
4437 4.01004
4438 4.01004
4439 4.01004
4440 4.01004
4441 4.01004
4442 4.01004
4443 4.01004
4444 4.01004
4445 4.01004
4446 4.01004
4447 4.01004
4448 4.01004
4449 4.01004
4450 4.01004
4451 4.01004
4452 4.01004
4453 4.01004
4454 4.01004
4455 4.01004
4456 4.01004
4457 4.01004
4458 4.01004
4459 4.01004
4460 4.01004
4461 4.01004
4462 4.01004
4463 4.01004
4464 4.01004
4465 4.01004
4466 4.01004
4467 4.01004
4468 4.01004
4469 4.01004
4470 4.01004
4471 4.01004
4472 4.01004
4473 4.01004
4474 4.01004
4475 4.01004
4476 4.01004
4477 4.01004
4478 4.01004
4479 4.01004
4480 4.01004
4481 4.01004
4482 4.01004
4483 4.01004
4484 4.01004
4485 4.01004
4486 4.01004
4487 4.01004
4488 4.01004
4489 4.01004
4490 4.01004
4491 4.01004
4492 4.01004
4493 4.01004
4494 4.01004
4495 4.01004
4496 4.01004
4497 4.01004
4498 4.01004
4499 4.01004
4500 4.01004
4501 4.01004
4502 4.01004
4503 4.01004
4504 4.01004
4505 4.01004
4506 4.01004
4507 4.01004
4508 4.01004
4509 4.01004
4510 4.01004
4511 4.01004
4512 4.01004
4513 4.01004
4514 4.01004
4515 4.01004
4516 4.01004
4517 4.01004
4518 4.01004
4519 4.01004
4520 4.01004
4521 4.01004
4522 4.01004
4523 4.01004
4524 4.01004
4525 4.01004
4526 4.01004
4527 4.01004
4528 4.01004
4529 4.01004
4530 4.01004
4531 4.01004
4532 4.01004
4533 4.01004
4534 4.01004
4535 4.01004
4536 4.01004
4537 4.01004
4538 4.01004
4539 4.01004
4540 4.01004
4541 4.01004
4542 4.01004
4543 4.01004
4544 4.01004
4545 4.01004
4546 4.01004
4547 4.01004
4548 4.01004
4549 4.01004
4550 4.01004
4551 4.01004
4552 4.01004
4553 4.01004
4554 4.01004
4555 4.01004
4556 4.01004
4557 4.01004
4558 4.01004
4559 4.01004
4560 4.01004
4561 4.01004
4562 4.01004
4563 4.01004
4564 4.01004
4565 4.01004
4566 4.01004
4567 4.01004
4568 4.01004
4569 4.01004
4570 4.01004
4571 4.01004
4572 4.01004
4573 4.01004
4574 4.01004
4575 4.01004
4576 4.01004
4577 4.01004
4578 4.01004
4579 4.01004
4580 4.01004
4581 4.01004
4582 4.01004
4583 4.01004
4584 4.01004
4585 4.01004
4586 4.01004
4587 4.01004
4588 4.01004
4589 4.01004
4590 4.01004
4591 4.01004
4592 4.01004
4593 4.01004
4594 4.01004
4595 4.01004
4596 4.01004
4597 4.01004
4598 4.01004
4599 4.01004
4600 4.01004
4601 4.01004
4602 4.01004
4603 4.01004
4604 4.01004
4605 4.01004
4606 4.01004
4607 4.01004
4608 4.01004
4609 4.01004
4610 4.01004
4611 4.01004
4612 4.01004
4613 4.01004
4614 4.01004
4615 4.01004
4616 4.01004
4617 4.01004
4618 4.01004
4619 4.01004
4620 4.01004
4621 4.01004
4622 4.01004
4623 4.01004
4624 4.01004
4625 4.01004
4626 4.01004
4627 4.01004
4628 4.01004
4629 4.01004
4630 4.01004
4631 4.01004
4632 4.01004
4633 4.01004
4634 4.01004
4635 4.01004
4636 4.01004
4637 4.01004
4638 4.01004
4639 4.01004
4640 4.01004
4641 4.01004
4642 4.01004
4643 4.01004
4644 4.01004
4645 4.01004
4646 4.01004
4647 4.01004
4648 4.01004
4649 4.01004
4650 4.01004
4651 4.01004
4652 4.01004
4653 4.01004
4654 4.01004
4655 4.01004
4656 4.01004
4657 4.01004
4658 4.01004
4659 4.01004
4660 4.01004
4661 4.01004
4662 4.01004
4663 4.01004
4664 4.01004
4665 4.01004
4666 4.01004
4667 4.01004
4668 4.01004
4669 4.01004
4670 4.01004
4671 4.01004
4672 4.01004
4673 4.01004
4674 4.01004
4675 4.01004
4676 4.01004
4677 4.01004
4678 4.01004
4679 4.01004
4680 4.01004
4681 4.01004
4682 4.01004
4683 4.01004
4684 4.01004
4685 4.01004
4686 4.01004
4687 4.01004
4688 4.01004
4689 4.01004
4690 4.01004
4691 4.01004
4692 4.01004
4693 4.01004
4694 4.01004
4695 4.01004
4696 4.01004
4697 4.01004
4698 4.01004
4699 4.01004
4700 4.01004
4701 4.01004
4702 4.01004
4703 4.01004
4704 4.01004
4705 4.01004
4706 4.01004
4707 4.01004
4708 4.01004
4709 4.01004
4710 4.01004
4711 4.01004
4712 4.01004
4713 4.01004
4714 4.01004
4715 4.01004
4716 4.01004
4717 4.01004
4718 4.01004
4719 4.01004
4720 4.01004
4721 4.01004
4722 4.01004
4723 4.01004
4724 4.01004
4725 4.01004
4726 4.01004
4727 4.01004
4728 4.01004
4729 4.01004
4730 4.01004
4731 4.01004
4732 4.01004
4733 4.01004
4734 4.01004
4735 4.01004
4736 4.01004
4737 4.01004
4738 4.01004
4739 4.01004
4740 4.01004
4741 4.01004
4742 4.01004
4743 4.01004
4744 4.01004
4745 4.01004
4746 4.01004
4747 4.01004
4748 4.01004
4749 4.01004
4750 4.01004
4751 4.01004
4752 4.01004
4753 4.01004
4754 4.01004
4755 4.01004
4756 4.01004
4757 4.01004
4758 4.01004
4759 4.01004
4760 4.01004
4761 4.01004
4762 4.01004
4763 4.01004
4764 4.01004
4765 4.01004
4766 4.01004
4767 4.01004
4768 4.01004
4769 4.01004
4770 4.01004
4771 4.01004
4772 4.01004
4773 4.01004
4774 4.01004
4775 4.01004
4776 4.01004
4777 4.01004
4778 4.01004
4779 4.01004
4780 4.01004
4781 4.01004
4782 4.01004
4783 4.01004
4784 4.01004
4785 4.01004
4786 4.01004
4787 4.01004
4788 4.01004
4789 4.01004
4790 4.01004
4791 4.01004
4792 4.01004
4793 4.01004
4794 4.01004
4795 4.01004
4796 4.01004
4797 4.01004
4798 4.01004
4799 4.01004
4800 4.01004
4801 4.01004
4802 4.01004
4803 4.01004
4804 4.01004
4805 4.01004
4806 4.01004
4807 4.01004
4808 4.01004
4809 4.01004
4810 4.01004
4811 4.01004
4812 4.01004
4813 4.01004
4814 4.01004
4815 4.01004
4816 4.01004
4817 4.01004
4818 4.01004
4819 4.01004
4820 4.01004
4821 4.01004
4822 4.01004
4823 4.01004
4824 4.01004
4825 4.01004
4826 4.01004
4827 4.01004
4828 4.01004
4829 4.01004
4830 4.01004
4831 4.01004
4832 4.01004
4833 4.01004
4834 4.01004
4835 4.01004
4836 4.01004
4837 4.01004
4838 4.01004
4839 4.01004
4840 4.01004
4841 4.01004
4842 4.01004
4843 4.01004
4844 4.01004
4845 4.01004
4846 4.01004
4847 4.01004
4848 4.01004
4849 4.01004
4850 4.01004
4851 4.01004
4852 4.01004
4853 4.01004
4854 4.01004
4855 4.01004
4856 4.01004
4857 4.01004
4858 4.01004
4859 4.01004
4860 4.01004
4861 4.01004
4862 4.01004
4863 4.01004
4864 4.01004
4865 4.01004
4866 4.01004
4867 4.01004
4868 4.01004
4869 4.01004
4870 4.01004
4871 4.01004
4872 4.01004
4873 4.01004
4874 4.01004
4875 4.01004
4876 4.01004
4877 4.01004
4878 4.01004
4879 4.01004
4880 4.01004
4881 4.01004
4882 4.01004
4883 4.01004
4884 4.01004
4885 4.01004
4886 4.01004
4887 4.01004
4888 4.01004
4889 4.01004
4890 4.01004
4891 4.01004
4892 4.01004
4893 4.01004
4894 4.01004
4895 4.01004
4896 4.01004
4897 4.01004
4898 4.01004
4899 4.01004
4900 4.01004
4901 4.01004
4902 4.01004
4903 4.01004
4904 4.01004
4905 4.01004
4906 4.01004
4907 4.01004
4908 4.01004
4909 4.01004
4910 4.01004
4911 4.01004
4912 4.01004
4913 4.01004
4914 4.01004
4915 4.01004
4916 4.01004
4917 4.01004
4918 4.01004
4919 4.01004
4920 4.01004
4921 4.01004
4922 4.01004
4923 4.01004
4924 4.01004
4925 4.01004
4926 4.01004
4927 4.01004
4928 4.01004
4929 4.01004
4930 4.01004
4931 4.01004
4932 4.01004
4933 4.01004
4934 4.01004
4935 4.01004
4936 4.01004
4937 4.01004
4938 4.01004
4939 4.01004
4940 4.01004
4941 4.01004
4942 4.01004
4943 4.01004
4944 4.01004
4945 4.01004
4946 4.01004
4947 4.01004
4948 4.01004
4949 4.01004
4950 4.01004
4951 4.01004
4952 4.01004
4953 4.01004
4954 4.01004
4955 4.01004
4956 4.01004
4957 4.01004
4958 4.01004
4959 4.01004
4960 4.01004
4961 4.01004
4962 4.01004
4963 4.01004
4964 4.01004
4965 4.01004
4966 4.01004
4967 4.01004
4968 4.01004
4969 4.01004
4970 4.01004
4971 4.01004
4972 4.01004
4973 4.01004
4974 4.01004
4975 4.01004
4976 4.01004
4977 4.01004
4978 4.01004
4979 4.01004
4980 4.01004
4981 4.01004
4982 4.01004
4983 4.01004
4984 4.01004
4985 4.01004
4986 4.01004
4987 4.01004
4988 4.01004
4989 4.01004
4990 4.01004
4991 4.01004
4992 4.01004
4993 4.01004
4994 4.01004
4995 4.01004
4996 4.01004
4997 4.01004
4998 4.01004
4999 4.01004
5000 4.01004
