1 0.953142
2 0.883616
3 0.384641
4 0.384641
5 0.384641
6 0.384641
7 0.384641
8 0.384641
9 1.18615
10 2.02027
11 2.03958
12 2.03958
13 2.03958
14 2.03958
15 3.4091
16 2.15658
17 2.15658
18 2.07669
19 1.56169
20 2.01319
21 1.60998
22 2.61774
23 2.61774
24 2.61774
25 2.48581
26 2.48581
27 3.30066
28 3.77764
29 3.72269
30 3.72269
31 2.70336
32 2.70336
33 1.72282
34 1.51252
35 2.15069
36 2.15069
37 1.49735
38 0.789955
39 0.789955
40 0.798487
41 1.10375
42 1.23179
43 1.23179
44 1.23179
45 1.28419
46 1.28419
47 1.28419
48 1.19908
49 1.19908
50 1.44087
51 1.91223
52 2.36367
53 2.36367
54 2.45788
55 3.13132
56 2.72957
57 2.72957
58 2.93788
59 2.93788
60 2.93788
61 2.93788
62 2.93788
63 2.25886
64 2.25886
65 2.25886
66 2.57649
67 2.57649
68 2.54182
69 3.00026
70 3.00026
71 3.00026
72 2.4327
73 2.38984
74 1.65858
75 1.65858
76 1.65858
77 1.65858
78 2.21669
79 2.21669
80 1.25629
81 0.808535
82 0.808535
83 0.808535
84 0.808535
85 0.808535
86 1.22966
87 1.22966
88 1.22966
89 1.22966
90 0.717932
91 0.717932
92 0.858674
93 0.858674
94 1.62673
95 1.62673
96 1.62673
97 1.41928
98 1.53213
99 1.53213
100 0.986161
101 0.986161
102 0.986161
103 0.986161
104 1.49099
105 1.49099
106 1.49099
107 2.3821
108 2.3821
109 2.60771
110 1.81066
111 1.04277
112 1.04277
113 1.04277
114 1.04277
115 1.36411
116 1.36411
117 1.36411
118 0.7918
119 0.983217
120 1.23528
121 0.604
122 0.604
123 0.604
124 0.480596
125 0.480596
126 0.480596
127 0.480596
128 0.480596
129 0.480596
130 0.889641
131 0.889641
132 0.889641
133 0.664052
134 0.664052
135 0.664052
136 0.664052
137 0.664052
138 2.019
139 2.41564
140 2.12401
141 2.33444
142 1.32175
143 0.819297
144 0.819297
145 1.17436
146 1.86668
147 1.86668
148 1.8985
149 1.98321
150 1.20414
151 0.462089
152 0.940263
153 0.940263
154 0.940263
155 0.940263
156 0.940263
157 0.805094
158 0.420803
159 0.420803
160 0.809124
161 0.809124
162 0.809124
163 0.809124
164 0.809124
165 0.809124
166 0.809124
167 0.809124
168 0.809124
169 2.05195
170 2.09458
171 2.09458
172 3.13774
173 2.67672
174 2.67672
175 2.07812
176 2.42884
177 2.35467
178 1.90008
179 1.90008
180 1.90008
181 2.31144
182 2.31144
183 1.46822
184 1.46822
185 1.46822
186 1.1646
187 1.68398
188 1.68398
189 1.46009
190 1.46009
191 2.04503
192 1.60125
193 1.91692
194 1.51402
195 1.51402
196 1.51402
197 1.51402
198 1.51402
199 1.2101
200 1.2101
201 1.14596
202 1.14596
203 0.962034
204 0.962034
205 1.62217
206 1.59526
207 1.59526
208 1.59526
209 1.59526
210 1.59526
211 2.27098
212 2.27098
213 2.47504
214 2.41041
215 2.41041
216 2.41041
217 2.79899
218 3.0666
219 3.0666
220 3.0666
221 3.0666
222 2.0706
223 1.13544
224 1.13544
225 1.0429
226 0.175764
227 0.175764
228 0.175764
229 0.175764
230 0.175764
231 0.175764
232 0.175764
233 0.175764
234 0.175764
235 0.175764
236 0.175764
237 0.175764
238 0.175764
239 0.175764
240 0.175764
241 0.175764
242 0.175764
243 0.175764
244 0.175764
245 1.30322
246 1.30322
247 1.24916
248 0.526288
249 0.526288
250 0.526288
251 0.526288
252 0.526288
253 0.461051
254 0.461051
255 0.461051
256 0.930257
257 1.50302
258 1.50302
259 1.10122
260 1.10122
261 1.10122
262 1.98608
263 2.19733
264 2.19733
265 2.45958
266 2.45958
267 2.43197
268 2.51473
269 1.30906
270 0.97368
271 1.39849
272 1.92237
273 1.92237
274 1.59353
275 0.558711
276 0.558711
277 0.558711
278 0.558711
279 0.558711
280 0.558711
281 0.558711
282 0.558711
283 0.558711
284 0.558711
285 0.558711
286 0.558711
287 0.558711
288 1.10184
289 1.41643
290 1.71886
291 1.61047
292 1.61047
293 1.06623
294 1.06623
295 1.06623
296 1.06623
297 1.06623
298 1.06623
299 1.06623
300 2.05608
301 1.16412
302 1.16412
303 1.69047
304 0.380873
305 0.380873
306 0.380873
307 0.380873
308 0.380873
309 1.58048
310 0.749715
311 0.749715
312 1.71412
313 1.71412
314 1.28065
315 1.43304
316 1.43304
317 1.43304
318 1.43304
319 1.43304
320 1.42941
321 1.42941
322 0.514217
323 0.514217
324 0.968671
325 0.968671
326 0.922498
327 0.614813
328 0.614813
329 0.614813
330 0.614813
331 0.614813
332 0.614813
333 0.864767
334 0.864767
335 1.39603
336 0.484767
337 0.484767
338 0.484767
339 0.609343
340 0.609343
341 1.83499
342 1.83499
343 2.06738
344 2.06738
345 1.78529
346 2.07595
347 2.07595
348 2.07595
349 2.07595
350 2.13708
351 1.81338
352 1.73687
353 1.73687
354 1.90899
355 1.90899
356 1.90899
357 1.90899
358 2.40398
359 2.28256
360 2.28099
361 2.28794
362 2.28794
363 3.0946
364 3.0946
365 3.0946
366 2.6089
367 2.6089
368 2.6089
369 2.6089
370 3.58828
371 3.58828
372 2.83231
373 2.49902
374 2.41585
375 2.41585
376 2.41585
377 2.82321
378 2.82321
379 2.82321
380 3.65081
381 4.23877
382 4.24123
383 3.48947
384 3.48947
385 4.2823
386 4.2823
387 4.01308
388 4.01308
389 3.32875
390 3.32875
391 3.32875
392 3.2097
393 2.55294
394 2.55294
395 1.82912
396 1.82912
397 0.915825
398 1.4686
399 1.4686
400 0.379759
401 0.379759
402 0.379759
403 0.379759
404 0.379759
405 0.379759
406 1.85466
407 2.07037
408 2.58327
409 1.62557
410 1.80805
411 2.23433
412 2.52167
413 2.52167
414 3.24168
415 3.83943
416 4.03761
417 3.43612
418 3.43612
419 3.13814
420 3.13814
421 3.13814
422 2.63982
423 2.57774
424 2.17719
425 2.17719
426 1.81421
427 1.81421
428 1.61786
429 1.61786
430 0.982339
431 0.930619
432 0.942625
433 1.19984
434 1.19984
435 1.29109
436 1.45135
437 1.26611
438 0.542542
439 1.25543
440 2.36827
441 2.37154
442 2.37154
443 2.37154
444 1.54422
445 1.70416
446 1.70416
447 1.70416
448 1.70416
449 1.17834
450 1.4899
451 1.94992
452 2.76825
453 1.9713
454 1.59034
455 1.59034
456 2.16401
457 1.45734
458 1.45734
459 1.45734
460 1.07753
461 1.07753
462 1.07753
463 1.07753
464 0.925117
465 0.585574
466 0.585574
467 0.585574
468 0.804941
469 1.10169
470 1.43861
471 1.34829
472 1.29142
473 0.773789
474 0.773789
475 0.773789
476 0.773789
477 2.11476
478 3.29218
479 3.50448
480 3.4904
481 4.43759
482 3.55352
483 3.55352
484 4.1217
485 3.85621
486 3.68143
487 3.89328
488 3.89328
489 4.57157
490 4.49551
491 4.30958
492 4.70346
493 6.05124
494 5.81156
495 4.94344
496 4.41243
497 4.41243
498 4.41243
499 5.01345
500 3.83783
501 3.95051
502 3.73388
503 3.35475
504 2.10801
505 1.62518
506 1.62518
507 1.62518
508 1.62518
509 2.3337
510 2.39161
511 3.6553
512 3.80423
513 3.80423
514 4.3469
515 3.65618
516 3.57296
517 2.85057
518 2.85057
519 2.85057
520 2.85057
521 3.34363
522 3.34363
523 3.94426
524 4.09136
525 4.09136
526 4.09136
527 3.56395
528 4.02297
529 4.02297
530 4.323
531 4.61611
532 4.97061
533 4.99273
534 4.24292
535 3.38858
536 3.38858
537 4.35875
538 4.35875
539 3.48448
540 3.39421
541 3.39421
542 3.56549
543 2.74246
544 1.89904
545 1.89904
546 1.89904
547 1.73278
548 1.73278
549 1.73278
550 1.73278
551 1.73278
552 1.81071
553 1.81071
554 1.81071
555 1.3995
556 1.3995
557 1.53014
558 1.53014
559 1.97547
560 1.32012
561 1.32012
562 1.52697
563 1.04401
564 1.20652
565 1.20652
566 1.00981
567 0.832549
568 0.832549
569 0.832549
570 0.743445
571 0.743445
572 0.85713
573 0.791909
574 1.2971
575 1.71854
576 1.59866
577 1.59866
578 1.59866
579 0.958803
580 1.36489
581 1.36489
582 0.734617
583 0.734617
584 0.781308
585 0.781308
586 0.781308
587 0.781308
588 0.781308
589 0.677039
590 0.677039
591 0.677039
592 0.677039
593 0.98514
594 0.98514
595 0.451958
596 0.451958
597 0.451958
598 0.451958
599 1.42746
600 1.42746
601 1.19449
602 1.19449
603 1.61216
604 1.61216
605 2.27047
606 2.27047
607 2.48727
608 2.25181
609 2.25181
610 3.00188
611 3.37896
612 3.1365
613 2.58628
614 3.09456
615 1.8973
616 1.8973
617 1.5842
618 1.5842
619 1.42329
620 1.95081
621 1.95081
622 1.95081
623 2.39304
624 2.39304
625 2.39304
626 1.56914
627 1.56914
628 1.56914
629 1.56914
630 1.22716
631 1.07882
632 1.07882
633 1.73102
634 2.0544
635 1.04145
636 1.13083
637 1.13083
638 1.13083
639 1.13083
640 1.13083
641 1.13083
642 0.970137
643 0.970137
644 0.970137
645 0.970137
646 0.970137
647 0.970137
648 0.970137
649 0.970137
650 2.00305
651 2.69342
652 2.69342
653 2.69342
654 2.69342
655 2.92607
656 2.92607
657 2.92607
658 2.92607
659 2.92607
660 2.92607
661 1.58798
662 1.52553
663 1.17141
664 0.581608
665 0.581608
666 0.963509
667 0.963509
668 0.963509
669 0.963509
670 0.78189
671 0.78189
672 0.724827
673 0.724827
674 0.724827
675 0.724827
676 0.557026
677 1.22681
678 1.22681
679 1.22681
680 0.739267
681 0.739267
682 0.739267
683 0.739267
684 0.739267
685 1.4122
686 1.4122
687 1.65453
688 1.65453
689 1.65453
690 1.65453
691 1.65453
692 1.65453
693 1.65453
694 1.65453
695 1.65453
696 1.82667
697 1.82667
698 1.82667
699 1.82667
700 2.04374
701 1.82349
702 2.14902
703 0.962394
704 0.962394
705 0.804109
706 1.04318
707 1.04318
708 0.575789
709 0.575789
710 1.11161
711 0.67176
712 0.67176
713 0.67176
714 0.466659
715 0.466659
716 0.631887
717 0.631887
718 1.32921
719 0.813625
720 0.813625
721 0.813625
722 0.813625
723 0.512069
724 0.512069
725 0.512069
726 0.512069
727 0.512069
728 0.512069
729 0.512069
730 0.512069
731 0.76183
732 0.76183
733 0.757775
734 1.46588
735 1.46588
736 1.46588
737 1.39274
738 2.0694
739 1.60246
740 2.10101
741 2.10101
742 2.10101
743 2.32719
744 1.75152
745 1.75152
746 2.44746
747 2.44746
748 2.41635
749 3.33178
750 2.83297
751 2.83297
752 2.39265
753 1.98528
754 1.78887
755 1.72335
756 0.745004
757 0.745004
758 0.745004
759 0.745004
760 0.745004
761 0.745004
762 1.01325
763 1.60016
764 2.05542
765 2.05414
766 1.4196
767 1.2271
768 1.2271
769 1.2271
770 1.36239
771 2.06305
772 1.42661
773 1.01595
774 1.01595
775 1.01595
776 0.779702
777 0.779702
778 0.779702
779 0.779702
780 0.779702
781 0.779702
782 0.779702
783 0.779702
784 0.779702
785 0.779702
786 0.779702
787 1.02654
788 1.4621
789 1.4621
790 1.4621
791 1.4621
792 0.83843
793 0.83843
794 0.83843
795 0.67054
796 0.67054
797 0.67054
798 0.841256
799 0.841256
800 0.841256
801 0.841256
802 0.841256
803 0.951093
804 0.802959
805 0.802959
806 0.802959
807 0.802959
808 0.802959
809 0.802959
810 0.802959
811 0.948886
812 0.451747
813 0.451747
814 0.451747
815 0.451747
816 0.451747
817 0.451747
818 0.451747
819 1.40116
820 0.738352
821 0.549877
822 0.549877
823 0.549877
824 0.940026
825 0.940026
826 1.98529
827 1.23187
828 1.23187
829 1.77159
830 1.68029
831 1.63146
832 1.63146
833 0.989178
834 0.676533
835 0.676533
836 0.676533
837 2.1775
838 2.1775
839 3.05046
840 2.39896
841 2.60224
842 2.60224
843 2.60224
844 2.90002
845 1.89929
846 0.908481
847 2.02186
848 2.56588
849 2.05358
850 1.10538
851 1.10538
852 1.77171
853 1.77171
854 1.77171
855 1.77171
856 1.97464
857 1.90984
858 1.90984
859 1.90984
860 1.12897
861 2.03137
862 2.83422
863 4.06574
864 4.29568
865 4.29568
866 4.29568
867 4.29568
868 3.89565
869 3.89565
870 4.2015
871 4.2015
872 4.26594
873 4.26594
874 3.62993
875 4.03596
876 4.30252
877 3.53844
878 2.66734
879 2.48268
880 2.16278
881 2.14941
882 2.14941
883 1.51952
884 0.668767
885 1.4822
886 3.03317
887 2.63286
888 2.63286
889 2.27703
890 2.11671
891 1.30901
892 1.30901
893 1.39004
894 1.60332
895 1.60332
896 1.13572
897 1.13572
898 1.13572
899 0.704616
900 0.704616
901 0.704616
902 1.25484
903 1.47769
904 1.47769
905 2.23812
906 2.23812
907 1.73444
908 1.73444
909 1.73444
910 1.73444
911 1.73444
912 2.28548
913 2.28548
914 2.90138
915 2.90807
916 2.16075
917 2.16075
918 2.16075
919 2.58961
920 2.58961
921 1.655
922 1.655
923 1.62346
924 1.03862
925 1.03862
926 1.98079
927 1.98079
928 1.4963
929 1.4963
930 1.38527
931 1.38527
932 0.771489
933 1.13668
934 0.601524
935 0.724631
936 0.832949
937 0.832949
938 0.832949
939 0.832949
940 1.3307
941 0.883221
942 0.883221
943 0.749894
944 1.1661
945 1.25672
946 1.25672
947 2.09042
948 2.03208
949 1.62752
950 1.85103
951 2.54366
952 2.54366
953 2.0586
954 2.0586
955 2.0586
956 2.0586
957 2.0586
958 1.32085
959 1.32085
960 1.32085
961 1.32085
962 1.32085
963 1.04874
964 0.692516
965 0.692516
966 0.692516
967 1.42681
968 1.42681
969 1.42681
970 1.42681
971 1.42681
972 1.72321
973 1.47167
974 1.38953
975 1.12846
976 1.57604
977 1.57506
978 1.0795
979 1.85374
980 1.31846
981 0.938676
982 1.15292
983 1.15292
984 1.15292
985 1.15292
986 0.934027
987 0.934027
988 0.934027
989 0.934027
990 0.934027
991 0.934027
992 0.934027
993 0.934027
994 0.872569
995 0.872569
996 0.872569
997 0.872569
998 1.6464
999 1.6464
1000 1.38539
