1 0.926788
2 1.46537
3 1.46537
4 1.81761
5 1.70402
6 1.70402
7 1.70402
8 1.84657
9 1.84657
10 1.84657
11 1.81999
12 2.06135
13 2.27195
14 2.56117
15 2.56117
16 2.56117
17 2.44065
18 2.44065
19 2.44065
20 3.3677
21 3.3677
22 3.3677
23 3.3677
24 3.76177
25 3.14192
26 2.15069
27 1.28522
28 1.58166
29 1.77485
30 1.77485
31 1.39215
32 1.39215
33 1.39215
34 1.92918
35 1.53257
36 1.53257
37 1.53257
38 0.586662
39 0.586662
40 0.586662
41 0.586662
42 0.569665
43 0.569665
44 0.682604
45 0.322742
46 0.826723
47 1.53171
48 1.21953
49 1.21953
50 1.03873
51 1.03873
52 1.03873
53 0.52713
54 1.09607
55 1.09607
56 1.67733
57 1.67733
58 1.67733
59 1.67733
60 1.55103
61 1.52925
62 0.991651
63 0.991651
64 0.897297
65 0.897297
66 0.897297
67 1.26095
68 1.26095
69 1.10864
70 1.10864
71 1.10864
72 1.10864
73 0.887044
74 1.60955
75 1.60955
76 1.51764
77 1.47576
78 0.935573
79 0.935573
80 0.935573
81 0.678797
82 0.678797
83 0.432572
84 0.432572
85 0.432572
86 0.432572
87 0.432572
88 0.432572
89 0.432572
90 0.687448
91 0.687448
92 1.3052
93 1.3052
94 0.932427
95 1.45397
96 1.7527
97 1.7527
98 1.7527
99 1.14454
100 0.993757
101 1.21877
102 1.57627
103 1.00541
104 1.18066
105 1.25454
106 1.25454
107 1.25454
108 1.25454
109 1.25454
110 1.58209
111 1.58209
112 1.58209
113 1.68405
114 1.68405
115 1.28443
116 1.23798
117 1.23798
118 1.23798
119 0.615855
120 0.615855
121 1.24092
122 1.24092
123 1.06603
124 1.06603
125 1.06603
126 1.06603
127 1.06603
128 1.06603
129 1.06603
130 1.41322
131 1.80129
132 1.80129
133 1.67085
134 1.67085
135 1.67085
136 2.14075
137 1.17799
138 0.895842
139 0.895842
140 0.895842
141 1.7091
142 1.97757
143 1.86665
144 1.77241
145 1.24408
146 1.24408
147 1.02159
148 1.02159
149 1.02159
150 1.02159
151 0.99058
152 0.99058
153 1.43068
154 1.43068
155 1.35066
156 1.35066
157 1.35066
158 1.35066
159 1.02993
160 0.510949
161 0.510949
162 0.510949
163 0.510949
164 0.510949
165 1.1138
166 1.0999
167 1.0999
168 1.08187
169 1.34916
170 1.34916
171 1.91322
172 1.91322
173 1.91322
174 1.83735
175 1.83735
176 1.42142
177 1.0823
178 1.0823
179 1.32505
180 0.873812
181 0.88351
182 0.88351
183 0.88351
184 0.88351
185 0.88351
186 0.88351
187 1.12182
188 1.12182
189 1.12182
190 1.12182
191 1.016
192 1.52112
193 1.80152
194 1.80152
195 0.445123
196 0.445123
197 0.445123
198 0.445123
199 1.54408
200 1.25245
201 0.345091
202 0.345091
203 0.345091
204 0.855755
205 1.75578
206 2.01366
207 2.01366
208 2.01366
209 2.01366
210 1.33871
211 1.56398
212 1.22263
213 1.22263
214 1.06639
215 1.1802
216 0.991696
217 0.991696
218 0.869581
219 0.969016
220 0.969016
221 0.936787
222 0.835303
223 0.835303
224 0.835303
225 1.12898
226 1.12898
227 1.15192
228 1.15192
229 1.0272
230 1.0272
231 0.919571
232 0.919571
233 0.915491
234 0.915491
235 0.915491
236 0.699898
237 0.699898
238 0.699898
239 0.699898
240 0.699898
241 2.22374
242 2.13711
243 2.13711
244 2.68168
245 2.48806
246 1.7876
247 1.695
248 2.30598
249 1.9595
250 1.9595
251 2.52625
252 2.573
253 2.38006
254 2.38006
255 1.83923
256 2.23766
257 2.17152
258 2.52989
259 2.36317
260 2.39525
261 2.39525
262 2.35623
263 2.35623
264 2.35623
265 2.35623
266 2.00501
267 1.22576
268 1.22576
269 0.381111
270 0.381111
271 0.594314
272 0.594314
273 0.594314
274 0.594314
275 0.594314
276 1.26181
277 1.26181
278 0.972075
279 0.972075
280 0.369446
281 0.369446
282 0.369446
283 0.574321
284 0.574321
285 0.574321
286 0.609692
287 0.666722
288 0.666722
289 0.666722
290 0.666722
291 0.666722
292 0.666722
293 0.666722
294 0.666722
295 0.666722
296 0.666722
297 1.04003
298 1.04003
299 1.04003
300 1.04003
301 1.04003
302 1.21737
303 0.987831
304 0.164815
305 0.164815
306 0.164815
307 0.164815
308 0.864677
309 0.864677
310 0.864677
311 1.04579
312 2.15344
313 2.15344
314 0.851622
315 1.77805
316 1.77805
317 1.77805
318 1.77805
319 1.14886
320 1.5078
321 0.783369
322 0.904529
323 0.904529
324 0.904529
325 1.70698
326 1.70698
327 1.70698
328 1.66513
329 1.37759
330 1.37759
331 0.701121
332 0.766129
333 0.710693
334 0.710693
335 0.805978
336 1.25506
337 1.03129
338 1.03129
339 1.45994
340 1.45994
341 0.878688
342 1.13741
343 1.13741
344 0.729979
345 1.04922
346 1.04922
347 1.04369
348 0.869224
349 0.869224
350 0.869224
351 0.869224
352 0.869224
353 0.869224
354 0.730968
355 0.426891
356 0.426891
357 0.426891
358 0.426891
359 0.426891
360 1.71522
361 1.4848
362 1.4848
363 1.49845
364 1.49845
365 1.49845
366 1.11088
367 1.56837
368 0.788126
369 1.25875
370 1.90223
371 1.85371
372 1.85371
373 1.85371
374 1.85371
375 1.85371
376 1.85371
377 1.85371
378 1.07218
379 1.07218
380 1.07218
381 1.07218
382 1.07218
383 1.07218
384 2.31466
385 2.60391
386 2.51068
387 2.18726
388 3.00705
389 3.00705
390 3.08762
391 3.17672
392 2.99826
393 2.81746
394 3.12205
395 3.1381
396 3.3259
397 4.09834
398 3.67246
399 3.03762
400 3.03762
401 3.03762
402 2.88431
403 2.34827
404 2.34827
405 2.34827
406 2.52673
407 2.52673
408 2.52673
409 1.705
410 1.83117
411 1.83117
412 1.44365
413 1.44365
414 1.9207
415 2.31011
416 1.87056
417 1.87056
418 1.6383
419 1.6383
420 1.21559
421 1.21559
422 1.21559
423 1.21559
424 1.21559
425 1.21559
426 1.20612
427 1.20612
428 1.14533
429 0.99058
430 1.76758
431 2.05401
432 2.05401
433 1.46682
434 1.84499
435 0.799549
436 0.799549
437 0.799549
438 0.799549
439 0.799549
440 0.799549
441 0.814001
442 0.775587
443 0.775587
444 0.775587
445 0.775587
446 0.775587
447 0.775587
448 0.775587
449 0.798896
450 0.798896
451 0.798896
452 0.798896
453 0.798896
454 0.798896
455 0.798896
456 0.798896
457 0.798896
458 1.19083
459 1.19083
460 0.786355
461 0.786355
462 0.786355
463 1.03455
464 1.061
465 1.061
466 1.13595
467 1.13595
468 0.862556
469 2.466
470 1.80324
471 1.80324
472 2.3452
473 2.3452
474 2.38651
475 2.38651
476 2.04541
477 2.04541
478 1.81398
479 0.919567
480 0.919567
481 0.215723
482 0.215723
483 0.604969
484 0.892068
485 0.892068
486 0.892068
487 1.42553
488 1.21263
489 0.462118
490 0.462118
491 1.33466
492 1.33466
493 1.33466
494 0.852398
495 0.852398
496 0.852398
497 1.8658
498 1.8658
499 1.8658
500 2.30361
501 2.26668
502 1.86843
503 2.43268
504 2.43268
505 1.44025
506 1.39554
507 1.39554
508 1.79765
509 1.79765
510 1.96056
511 2.04783
512 2.04783
513 1.27954
514 1.27954
515 0.875056
516 0.875056
517 1.68544
518 1.59138
519 1.2609
520 0.734418
521 0.734418
522 0.734418
523 0.734418
524 0.734418
525 0.734418
526 0.734418
527 0.734418
528 0.734418
529 0.908283
530 0.908283
531 0.662795
532 0.815662
533 0.815662
534 0.815662
535 2.34043
536 2.41265
537 2.63817
538 2.88683
539 2.88683
540 2.90651
541 2.11321
542 1.61863
543 1.61863
544 1.51603
545 1.60361
546 1.60361
547 1.60361
548 1.75445
549 1.57064
550 1.57064
551 1.57064
552 1.57064
553 0.631914
554 0.631914
555 0.631914
556 0.771989
557 1.28062
558 1.28062
559 0.892322
560 0.892322
561 0.892322
562 0.892322
563 0.860158
564 1.01654
565 1.46433
566 1.46433
567 1.24329
568 0.641795
569 0.551168
570 0.551168
571 0.551168
572 0.551168
573 0.834027
574 0.592699
575 1.35346
576 0.709187
577 1.88629
578 1.90294
579 2.48072
580 2.48072
581 2.37568
582 3.19852
583 3.19852
584 3.19852
585 2.95243
586 2.63432
587 2.33679
588 2.33679
589 2.33679
590 1.73915
591 1.73915
592 1.73915
593 1.56688
594 1.56688
595 1.97174
596 0.913232
597 0.674421
598 0.914852
599 0.914852
600 1.48981
601 1.48981
602 1.48981
603 1.64605
604 1.64605
605 2.14328
606 2.14328
607 1.3802
608 2.02655
609 1.96422
610 1.61527
611 1.61527
612 1.45114
613 2.5341
614 3.18497
615 2.75938
616 2.63124
617 2.63124
618 2.56328
619 3.63541
620 3.11172
621 2.89577
622 2.89577
623 3.04626
624 2.88308
625 3.33486
626 2.397
627 2.14525
628 1.59384
629 2.29563
630 2.94238
631 2.94238
632 2.90024
633 2.97554
634 2.97554
635 2.97554
636 2.92826
637 2.92826
638 2.92826
639 3.51918
640 2.96827
641 2.96827
642 3.03039
643 2.92938
644 2.92938
645 2.8692
646 2.86048
647 3.20983
648 3.20983
649 3.20983
650 2.58612
651 2.35253
652 2.36664
653 1.90072
654 1.45921
655 1.62587
656 2.06926
657 2.06926
658 2.06926
659 2.34021
660 2.41847
661 1.34595
662 1.34595
663 1.74319
664 1.74319
665 1.74319
666 1.7808
667 2.21744
668 2.21744
669 2.21744
670 2.21744
671 2.45918
672 2.9109
673 2.9109
674 3.19252
675 3.56804
676 2.99444
677 2.77356
678 2.10243
679 2.26452
680 2.26452
681 2.26452
682 2.26452
683 2.64259
684 1.82575
685 0.842746
686 1.06989
687 1.06989
688 1.12933
689 2.20711
690 2.09553
691 1.27357
692 1.36376
693 1.91038
694 1.91038
695 1.91038
696 2.01801
697 1.80061
698 2.49625
699 2.50318
700 1.72875
701 1.30231
702 1.64388
703 1.48191
704 1.28458
705 1.28458
706 1.28458
707 1.61699
708 1.54904
709 1.48773
710 0.815483
711 0.815483
712 0.815483
713 0.815483
714 0.815483
715 0.929229
716 0.929229
717 1.01144
718 1.01144
719 1.73924
720 0.504112
721 0.504112
722 0.858317
723 0.858317
724 0.858317
725 0.900611
726 0.900611
727 0.900611
728 0.586245
729 0.960384
730 1.25267
731 1.2491
732 1.01964
733 1.01964
734 1.19763
735 1.19763
736 1.19763
737 1.19763
738 1.19763
739 1.28921
740 1.28921
741 1.28921
742 0.515143
743 0.515143
744 0.515143
745 0.515143
746 0.572646
747 0.572646
748 0.572646
749 0.572646
750 0.572646
751 0.572646
752 0.572646
753 0.333542
754 0.333542
755 1.13189
756 1.13189
757 1.13189
758 1.13189
759 1.08996
760 1.71279
761 1.68703
762 1.68703
763 1.07032
764 1.07032
765 1.07032
766 1.07032
767 1.07032
768 1.32036
769 1.6011
770 1.53198
771 1.53198
772 1.53198
773 1.01702
774 1.01702
775 1.01702
776 1.29261
777 1.29261
778 1.29261
779 1.67605
780 1.70333
781 1.38995
782 1.38995
783 0.752272
784 0.832464
785 0.88878
786 0.88878
787 0.967832
788 0.967832
789 0.967832
790 1.09851
791 1.09851
792 1.43084
793 1.44707
794 0.651204
795 0.651204
796 0.651204
797 0.651204
798 0.651204
799 0.651204
800 0.599534
801 0.262659
802 0.262659
803 0.823827
804 0.823827
805 0.823827
806 0.726736
807 0.726736
808 1.68003
809 0.850653
810 0.850653
811 1.9338
812 1.10864
813 1.10864
814 1.10864
815 1.10864
816 0.993641
817 1.08937
818 1.77289
819 1.13679
820 1.13679
821 1.13679
822 1.2433
823 1.09034
824 1.36075
825 1.36075
826 0.911806
827 0.911806
828 1.95486
829 1.12825
830 1.12825
831 0.620998
832 1.35878
833 1.20207
834 1.20207
835 1.20207
836 1.08876
837 1.08876
838 0.865445
839 0.865445
840 0.865445
841 0.621924
842 0.621924
843 0.728766
844 0.728766
845 0.975781
846 0.595342
847 0.595342
848 0.595342
849 0.595342
850 0.595342
851 0.595342
852 1.01121
853 1.01121
854 1.01121
855 2.20764
856 2.19255
857 2.44625
858 2.6351
859 2.48858
860 2.34129
861 1.8807
862 1.8807
863 1.8807
864 1.98271
865 0.291872
866 0.840372
867 0.840372
868 1.39167
869 1.39167
870 1.39167
871 1.39167
872 1.41218
873 1.30794
874 1.30794
875 1.30794
876 0.556223
877 0.556223
878 0.556223
879 0.556223
880 0.556223
881 0.556223
882 0.556223
883 0.556223
884 0.556223
885 1.35624
886 1.35624
887 1.60437
888 1.60437
889 1.60437
890 1.40224
891 1.40224
892 1.39816
893 1.39816
894 0.998031
895 0.998031
896 0.998031
897 0.765303
898 1.16965
899 1.56232
900 1.34778
901 1.34778
902 1.1501
903 1.1501
904 1.1501
905 1.1501
906 1.1501
907 1.35408
908 1.35408
909 1.35408
910 1.58301
911 1.58301
912 1.58301
913 1.50669
914 1.50669
915 1.6695
916 1.6695
917 1.83238
918 3.13175
919 3.98748
920 3.61782
921 3.61782
922 3.61782
923 3.61782
924 4.14618
925 4.14618
926 4.14618
927 3.85777
928 3.85777
929 3.48012
930 3.25779
931 3.25779
932 3.25779
933 3.25779
934 3.25779
935 3.25779
936 3.3204
937 3.3204
938 2.8587
939 2.64724
940 2.25061
941 2.25061
942 2.25061
943 2.25061
944 2.28151
945 2.69489
946 2.89837
947 2.89837
948 2.77574
949 2.77574
950 2.61186
951 2.61186
952 2.70743
953 2.08991
954 2.02786
955 2.02786
956 2.02786
957 2.02786
958 1.34576
959 1.04896
960 1.14627
961 1.14627
962 1.14627
963 0.938084
964 0.860903
965 1.40076
966 1.40076
967 1.40076
968 1.42294
969 1.93671
970 1.93671
971 1.93671
972 2.07907
973 2.24041
974 2.24041
975 2.24041
976 2.24041
977 1.72868
978 1.72868
979 1.72868
980 1.84634
981 1.61351
982 1.61351
983 1.61351
984 1.61351
985 1.61351
986 0.537789
987 0.537789
988 0.537789
989 0.694739
990 0.694739
991 0.700385
992 0.700385
993 0.700385
994 0.700385
995 0.700385
996 1.33012
997 1.32367
998 1.32367
999 1.56794
1000 1.56794
