1 2.65603
2 2.65603
3 2.65603
4 2.65603
5 2.65603
6 2.65603
7 2.65603
8 2.65603
9 2.65603
10 2.65603
11 2.65603
12 5.05254
13 5.8672
14 4.56606
15 3.66894
16 2.02956
17 3.36609
18 4.45578
19 4.45578
20 4.45578
21 5.92244
22 5.92244
23 5.92244
24 5.92244
25 4.52192
26 2.78608
27 3.72861
28 4.32829
29 3.87113
30 3.87113
31 3.87113
32 3.87113
33 3.87113
34 0.924775
35 3.2759
36 2.79877
37 2.28395
38 2.28395
39 2.82432
40 3.16571
41 3.16571
42 2.92914
43 2.92914
44 2.92914
45 2.92914
46 3.91538
47 3.91538
48 4.73019
49 4.45857
50 5.72963
51 5.72963
52 7.46172
53 3.72652
54 2.28206
55 3.10817
56 3.10817
57 2.87817
58 2.87817
59 3.73291
60 3.73291
61 5.04713
62 5.45799
63 5.45799
64 5.45799
65 5.45799
66 6.83188
67 6.03954
68 7.47009
69 7.40071
70 7.40071
71 7.40071
72 7.40071
73 7.40071
74 7.40071
75 5.35506
76 5.35506
77 5.68305
78 6.41976
79 6.00896
80 4.36045
81 2.14749
82 2.14749
83 2.14749
84 2.14749
85 2.14749
86 2.14749
87 4.55425
88 4.55425
89 5.8542
90 5.22503
91 2.97028
92 4.96808
93 4.96808
94 1.57487
95 1.57487
96 3.53525
97 5.31904
98 3.06466
99 3.06466
100 3.06466
101 2.80504
102 2.97759
103 2.97759
104 3.36342
105 3.36342
106 3.36342
107 3.36342
108 3.36342
109 3.36342
110 2.94624
111 2.67259
112 4.60713
113 7.02286
114 7.02286
115 8.38038
116 8.38038
117 8.38038
118 8.60647
119 8.30105
120 9.34845
121 9.34845
122 9.34845
123 9.34845
124 8.82785
125 10.7022
126 10.7022
127 11.2565
128 13.4006
129 13.862
130 13.862
131 13.862
132 12.9858
133 12.3333
134 12.3333
135 8.83849
136 7.32688
137 8.40009
138 7.84559
139 8.86584
140 8.7981
141 8.7981
142 7.53462
143 9.49261
144 9.49261
145 7.53911
146 8.03191
147 8.23543
148 8.23543
149 8.23543
150 7.61805
151 7.61805
152 6.67198
153 5.00869
154 5.00869
155 5.00869
156 4.36923
157 4.36923
158 4.26917
159 4.26917
160 4.74537
161 5.15882
162 3.29712
163 3.29712
164 3.29712
165 3.29712
166 3.29712
167 3.29712
168 3.53432
169 3.53432
170 3.53432
171 2.84305
172 2.84305
173 2.84305
174 2.84305
175 2.84305
176 4.30708
177 4.30708
178 5.25578
179 5.25578
180 5.25578
181 7.44646
182 7.05347
183 6.06595
184 6.06595
185 6.00597
186 4.72981
187 4.72981
188 5.01859
189 5.19933
190 4.50852
191 3.03345
192 3.03345
193 2.69267
194 2.69267
195 2.69267
196 2.69267
197 3.62223
198 3.62223
199 3.62223
200 4.2227
201 4.2227
202 4.2227
203 5.57505
204 7.289
205 7.289
206 7.78537
207 7.78537
208 7.78537
209 7.9859
210 7.9859
211 8.20939
212 7.55248
213 7.55248
214 5.17537
215 5.17537
216 5.31775
217 5.31775
218 5.05472
219 5.05472
220 5.05472
221 4.93868
222 4.93868
223 4.80013
224 4.80013
225 4.80013
226 4.80013
227 3.43754
228 3.43754
229 3.43754
230 1.79311
231 1.79311
232 1.79311
233 1.79311
234 5.1872
235 4.52215
236 3.43387
237 3.43387
238 3.43387
239 4.09795
240 4.09795
241 4.09795
242 1.20599
243 2.4958
244 2.4958
245 2.4958
246 2.4958
247 2.14161
248 2.14161
249 2.14161
250 2.14161
251 2.14161
252 2.14161
253 2.14161
254 2.14161
255 3.49052
256 3.84864
257 5.9021
258 4.60212
259 4.60212
260 4.60212
261 2.77188
262 2.70059
263 3.67086
264 3.67086
265 3.67086
266 3.49943
267 3.49943
268 3.12572
269 3.12572
270 5.39318
271 2.37631
272 2.37631
273 2.37631
274 2.74682
275 2.74682
276 2.74682
277 2.74682
278 3.18118
279 3.65422
280 3.43517
281 4.99444
282 5.31106
283 5.31106
284 5.31106
285 5.56416
286 5.56416
287 5.56416
288 3.26929
289 3.26929
290 3.26929
291 3.26929
292 4.76894
293 3.22873
294 3.22873
295 3.22873
296 4.18659
297 4.18659
298 5.27635
299 5.27635
300 2.83944
301 2.83944
302 2.83944
303 2.83944
304 2.83944
305 2.83944
306 2.83944
307 4.9681
308 4.72236
309 3.20406
310 3.20406
311 3.20406
312 3.20406
313 3.20406
314 5.41981
315 5.41981
316 5.41981
317 5.41981
318 5.31189
319 4.04422
320 4.04422
321 4.04422
322 4.30715
323 5.96619
324 8.3857
325 8.3857
326 8.3857
327 10.3209
328 10.3209
329 8.82905
330 5.76609
331 7.08301
332 7.22191
333 7.30545
334 6.34397
335 7.04384
336 7.41829
337 7.58218
338 8.46682
339 8.46682
340 8.46682
341 8.46682
342 7.80204
343 7.80204
344 7.24925
345 7.24925
346 6.55813
347 3.825
348 3.825
349 3.825
350 3.825
351 3.825
352 3.825
353 3.825
354 3.825
355 3.825
356 4.94759
357 4.94759
358 4.86771
359 7.89558
360 7.07973
361 8.21548
362 7.57321
363 7.59866
364 7.59866
365 7.59866
366 6.496
367 8.81193
368 5.55978
369 5.55978
370 5.55978
371 7.78158
372 7.97087
373 7.41898
374 5.49944
375 5.48332
376 5.48332
377 5.48332
378 4.55016
379 3.88112
380 3.88112
381 3.88112
382 5.18457
383 5.18457
384 5.18457
385 5.18457
386 6.73505
387 5.42883
388 5.42883
389 5.53905
390 5.53905
391 5.69132
392 4.68017
393 4.68017
394 3.31022
395 3.31022
396 3.31022
397 3.31022
398 3.31022
399 3.31022
400 4.9077
401 4.9077
402 4.38105
403 4.38105
404 4.09436
405 3.57869
406 3.57869
407 3.57869
408 3.57869
409 6.0811
410 4.25538
411 5.97444
412 5.37228
413 6.48279
414 6.48279
415 6.48279
416 6.48279
417 8.00713
418 8.54286
419 8.54286
420 8.00025
421 8.00025
422 6.78729
423 5.92126
424 5.92126
425 5.92126
426 4.48548
427 3.79934
428 2.86144
429 2.86144
430 2.86144
431 5.06972
432 5.06972
433 5.06972
434 5.06972
435 5.06972
436 6.06612
437 6.06612
438 6.06612
439 6.06612
440 5.40073
441 3.19057
442 2.82984
443 2.82984
444 3.49524
445 3.20153
446 2.80765
447 2.80765
448 2.80765
449 2.80765
450 2.80765
451 2.80765
452 2.80765
453 2.80765
454 4.63725
455 4.63725
456 4.14974
457 6.39824
458 6.39824
459 3.04812
460 3.04812
461 3.70341
462 1.96696
463 1.96696
464 1.96696
465 1.96696
466 3.44912
467 3.44912
468 5.9887
469 5.9887
470 5.25725
471 5.25725
472 6.00841
473 7.70625
474 5.27164
475 4.12067
476 4.12067
477 4.12067
478 5.62241
479 3.63906
480 3.63906
481 2.19597
482 2.19597
483 2.19597
484 2.91755
485 2.91755
486 2.91755
487 2.53987
488 4.06029
489 2.41997
490 2.41997
491 2.41997
492 2.41997
493 4.27554
494 4.27554
495 4.27554
496 4.27554
497 4.49981
498 3.37706
499 3.37706
500 3.37706
501 3.37706
502 3.37706
503 3.37706
504 3.37706
505 3.37706
506 3.37706
507 5.34186
508 6.05401
509 5.51099
510 5.51099
511 5.51099
512 5.51099
513 4.99201
514 3.89744
515 3.89744
516 1.41834
517 2.05478
518 2.05478
519 4.95509
520 4.15606
521 4.15606
522 6.0858
523 6.86835
524 6.86835
525 6.08782
526 6.9294
527 5.5643
528 5.5643
529 4.96214
530 5.24125
531 3.73238
532 3.73238
533 3.73238
534 3.73238
535 3.73238
536 3.73238
537 3.73238
538 2.4823
539 3.10159
540 3.02308
541 3.02308
542 3.02308
543 3.02308
544 3.02308
545 5.57781
546 4.6895
547 4.10866
548 4.10866
549 4.10866
550 4.10866
551 2.40209
552 2.40209
553 4.46336
554 4.46336
555 4.88916
556 2.18556
557 2.18556
558 2.18556
559 2.44166
560 2.44166
561 2.44166
562 2.44166
563 1.85033
564 4.54467
565 4.54467
566 3.59688
567 3.59688
568 3.59688
569 3.59688
570 3.59688
571 3.59688
572 3.59688
573 5.00768
574 5.00768
575 5.7609
576 5.92654
577 4.9071
578 4.9071
579 4.9071
580 5.1918
581 5.1918
582 6.25978
583 6.25978
584 7.92739
585 7.92739
586 7.92739
587 5.62421
588 4.65667
589 2.54396
590 2.54396
591 2.50175
592 2.50175
593 2.50175
594 3.19548
595 3.19548
596 2.93634
597 2.93634
598 2.93634
599 2.93634
600 2.93634
601 2.06161
602 2.06161
603 2.06161
604 2.06161
605 1.73799
606 1.73799
607 1.73799
608 1.73799
609 3.81334
610 4.50287
611 4.50287
612 4.50287
613 4.50287
614 4.50287
615 4.50287
616 4.50287
617 4.84323
618 4.00217
619 4.00217
620 4.00217
621 4.00217
622 3.31901
623 3.16504
624 3.16504
625 6.90105
626 7.01395
627 7.01395
628 7.01395
629 5.24765
630 5.24765
631 5.24765
632 5.24765
633 5.24765
634 5.14228
635 5.14228
636 3.23435
637 3.23435
638 4.00812
639 4.00812
640 3.16633
641 3.16633
642 3.16633
643 3.16633
644 3.16633
645 3.16633
646 3.16633
647 3.16633
648 3.16633
649 2.68072
650 2.68072
651 2.68072
652 5.50726
653 5.50726
654 3.3159
655 3.3159
656 3.3159
657 3.3159
658 3.02282
659 4.43435
660 4.43435
661 4.43435
662 2.72297
663 2.72297
664 2.72297
665 1.71294
666 5.21621
667 5.21621
668 3.16455
669 3.16455
670 3.16455
671 3.16455
672 2.14932
673 4.06301
674 6.66255
675 5.29065
676 4.13425
677 4.13425
678 4.13425
679 4.13425
680 6.23353
681 4.97653
682 3.90826
683 3.90826
684 4.31359
685 4.68159
686 7.96422
687 7.96422
688 10.1653
689 9.46541
690 8.33755
691 7.95322
692 5.46597
693 6.40545
694 6.40545
695 6.50089
696 7.36765
697 7.36765
698 8.54952
699 8.54952
700 8.54952
701 8.54952
702 8.54952
703 8.54952
704 7.67961
705 7.67961
706 5.08962
707 5.08962
708 5.08962
709 5.63208
710 7.02989
711 7.43328
712 8.34504
713 6.75203
714 6.75203
715 5.16939
716 5.5174
717 5.9421
718 7.27567
719 8.94546
720 6.60185
721 6.60185
722 6.2212
723 5.15501
724 5.15501
725 5.15501
726 5.15501
727 5.15501
728 5.15501
729 5.15501
730 5.34123
731 5.34123
732 5.6471
733 5.6471
734 4.78752
735 4.12064
736 4.12064
737 6.49814
738 3.87574
739 3.87574
740 4.4767
741 3.52639
742 3.52639
743 3.52639
744 3.52639
745 3.52639
746 5.00091
747 5.00091
748 5.00091
749 5.00091
750 5.00091
751 2.92282
752 2.92282
753 2.92282
754 3.69661
755 3.47401
756 4.78948
757 1.41176
758 1.41176
759 1.41176
760 1.41176
761 5.2114
762 5.2114
763 6.78594
764 6.02527
765 5.45898
766 6.23159
767 3.87814
768 3.87814
769 3.87814
770 3.87814
771 4.04217
772 4.04217
773 3.76225
774 6.79959
775 5.13967
776 4.21296
777 1.89166
778 2.83027
779 2.83027
780 4.48741
781 4.48741
782 3.13524
783 2.89944
784 2.89944
785 4.04859
786 4.04859
787 4.04859
788 5.79334
789 5.66765
790 5.90432
791 6.98764
792 6.45817
793 6.45817
794 9.0187
795 9.0187
796 9.0187
797 9.0187
798 6.47372
799 6.47372
800 6.47372
801 6.46606
802 4.75634
803 3.47275
804 1.91102
805 2.64999
806 1.68717
807 1.68717
808 1.68717
809 1.68717
810 1.68717
811 1.68717
812 1.99193
813 1.99193
814 3.12021
815 3.71079
816 4.48311
817 2.55695
818 3.70079
819 3.70079
820 3.70079
821 3.70079
822 2.44091
823 2.44091
824 2.59897
825 2.59897
826 2.59897
827 2.59897
828 5.32435
829 5.32435
830 5.32435
831 5.32435
832 3.8989
833 3.8989
834 4.21769
835 3.31031
836 3.31031
837 3.31031
838 3.43362
839 3.37745
840 4.58311
841 7.01224
842 4.75726
843 4.75726
844 5.33083
845 5.33083
846 5.33083
847 5.33083
848 3.54528
849 3.54528
850 2.31682
851 3.13963
852 3.13963
853 3.13963
854 3.13963
855 3.13963
856 3.05645
857 3.05645
858 3.10932
859 4.66644
860 6.12093
861 6.12093
862 6.39752
863 6.20901
864 6.20901
865 5.3476
866 3.98032
867 1.66245
868 4.29457
869 4.29457
870 4.29457
871 4.29457
872 5.61175
873 6.07097
874 5.20432
875 7.99113
876 9.16401
877 8.36121
878 7.76921
879 7.76921
880 7.85414
881 7.85414
882 5.20026
883 5.20026
884 5.20026
885 4.66067
886 5.59406
887 2.70047
888 2.70047
889 2.70047
890 2.70047
891 2.70047
892 3.25303
893 6.48304
894 6.48304
895 6.48304
896 6.48304
897 6.48304
898 6.38352
899 6.38352
900 7.66334
901 7.66334
902 7.66334
903 7.66334
904 7.66334
905 4.8643
906 4.8643
907 4.99543
908 4.99543
909 4.99543
910 4.99543
911 4.99543
912 2.36939
913 2.36939
914 4.68628
915 2.86652
916 2.86652
917 2.86652
918 2.86652
919 2.86652
920 2.86652
921 4.25404
922 4.25404
923 3.23228
924 5.43814
925 5.43814
926 4.99081
927 4.99081
928 3.77515
929 3.77515
930 3.69395
931 3.69395
932 4.72868
933 4.72868
934 5.63435
935 5.63435
936 5.63435
937 6.74866
938 6.74866
939 8.45652
940 8.45652
941 8.24004
942 5.43728
943 5.43728
944 6.31524
945 5.14044
946 2.2397
947 3.12821
948 3.12821
949 3.12821
950 3.12821
951 3.12821
952 3.05834
953 3.49678
954 3.49678
955 3.49678
956 3.49678
957 4.46508
958 4.46508
959 4.46508
960 4.46508
961 5.7197
962 4.91658
963 4.91658
964 4.91658
965 4.91658
966 7.35524
967 8.42381
968 8.42381
969 8.42381
970 8.42381
971 8.42381
972 6.60893
973 7.06705
974 7.06705
975 5.15556
976 5.15556
977 4.44031
978 3.45696
979 3.45696
980 5.26573
981 5.26573
982 4.33004
983 4.90664
984 4.90664
985 4.90664
986 4.90664
987 3.44213
988 3.44213
989 5.22477
990 5.22477
991 4.83078
992 4.83078
993 4.83078
994 4.83078
995 6.18722
996 5.18231
997 7.36553
998 7.48807
999 6.46949
1000 6.68992
