1 4.25668
2 4.25668
3 2.52129
4 2.26636
5 2.26636
6 2.26636
7 2.93783
8 3.07147
9 3.07147
10 0.775241
11 3.75532
12 4.18893
13 4.18893
14 4.56158
15 4.35606
16 4.35606
17 4.35606
18 4.82926
19 4.82926
20 3.95302
21 3.95302
22 3.95302
23 4.52021
24 4.52021
25 4.52021
26 4.38121
27 7.25211
28 6.46054
29 6.46054
30 6.46054
31 6.89776
32 6.89776
33 9.08102
34 9.08102
35 9.92633
36 6.97854
37 6.97854
38 8.10973
39 5.29388
40 5.2922
41 5.2922
42 4.73702
43 8.25701
44 8.25701
45 6.54388
46 4.97128
47 4.97128
48 4.97128
49 5.55301
50 5.92263
51 5.92263
52 5.25928
53 5.25928
54 5.25928
55 5.25928
56 5.76731
57 5.76731
58 5.12391
59 4.82081
60 4.82081
61 7.34782
62 7.34782
63 5.5674
64 3.88444
65 5.77623
66 5.77623
67 4.36824
68 4.36824
69 4.36824
70 4.36824
71 4.36824
72 5.52002
73 6.06046
74 6.06046
75 3.19531
76 3.19531
77 3.19531
78 3.19531
79 3.19531
80 3.98976
81 3.98976
82 3.98976
83 5.33604
84 5.33604
85 3.78639
86 3.78639
87 3.40233
88 2.76431
89 2.76431
90 2.76431
91 5.07451
92 3.40225
93 4.33312
94 4.33312
95 6.33266
96 6.33266
97 6.33266
98 6.604
99 6.604
100 6.604
101 6.604
102 6.604
103 6.604
104 6.604
105 4.58392
106 4.46512
107 3.3285
108 3.3285
109 6.35306
110 5.1495
111 5.1495
112 4.28047
113 4.28047
114 4.28047
115 2.45642
116 3.52886
117 3.52886
118 4.79324
119 4.74678
120 4.54842
121 4.54842
122 4.54842
123 3.04683
124 3.04683
125 3.04683
126 3.04683
127 3.04683
128 3.04683
129 2.82668
130 4.84474
131 6.49723
132 8.19826
133 8.19826
134 8.15857
135 7.63739
136 7.63739
137 5.63053
138 5.63053
139 5.63053
140 5.63053
141 5.63053
142 4.12443
143 4.12443
144 4.12443
145 2.23647
146 2.62192
147 2.89869
148 2.89869
149 2.89869
150 4.10443
151 4.51737
152 6.5469
153 3.75538
154 4.65218
155 4.65218
156 4.65218
157 4.65218
158 5.3216
159 5.3216
160 5.3216
161 4.73284
162 1.14928
163 4.01223
164 4.01223
165 3.12367
166 1.33034
167 2.77509
168 2.77509
169 2.77509
170 2.77509
171 2.77509
172 2.77509
173 2.77509
174 2.77509
175 5.33764
176 5.60778
177 7.39979
178 7.96465
179 7.96465
180 7.96465
181 7.96465
182 6.47877
183 6.54199
184 6.54199
185 5.63556
186 5.63556
187 8.95342
188 9.26231
189 9.26231
190 9.26231
191 9.62243
192 9.62243
193 9.62243
194 8.92782
195 6.14597
196 5.88543
197 5.88543
198 5.88543
199 5.88543
200 5.88543
201 5.88543
202 5.88543
203 5.88543
204 4.24703
205 4.34269
206 2.7484
207 2.7484
208 3.81362
209 3.81362
210 3.81362
211 3.81362
212 3.27821
213 3.27821
214 1.39931
215 4.20327
216 4.20327
217 4.41772
218 4.41772
219 4.41772
220 4.41772
221 3.06016
222 2.37871
223 4.84043
224 3.2694
225 3.2694
226 3.42229
227 4.31225
228 3.91714
229 7.19967
230 7.19967
231 7.07148
232 7.4412
233 7.88857
234 6.70206
235 4.70807
236 3.68519
237 3.46062
238 3.46062
239 3.46062
240 5.10581
241 5.10581
242 2.74397
243 2.74397
244 2.74397
245 2.74397
246 2.74397
247 2.74397
248 3.91978
249 3.91978
250 4.98805
251 3.69807
252 3.69807
253 3.69807
254 3.00773
255 4.90837
256 4.90837
257 4.90837
258 6.24512
259 5.92938
260 3.29841
261 3.29841
262 2.44981
263 3.13599
264 4.32333
265 4.46519
266 4.46519
267 4.46519
268 4.46519
269 4.46519
270 5.80777
271 4.29792
272 1.98817
273 1.98817
274 1.98817
275 3.99024
276 4.07124
277 4.73792
278 4.73792
279 5.78874
280 5.78874
281 5.93237
282 3.4862
283 3.4862
284 3.4862
285 3.4862
286 3.4862
287 3.4862
288 3.4862
289 3.4862
290 3.4862
291 3.4862
292 3.4862
293 3.4862
294 3.4862
295 2.49933
296 3.67535
297 3.67535
298 3.67535
299 2.26336
300 2.26336
301 2.26336
302 2.26336
303 2.26336
304 2.26336
305 2.26336
306 2.26336
307 2.26336
308 2.26336
309 2.67738
310 3.0655
311 3.60768
312 5.07738
313 5.07738
314 4.16508
315 4.16508
316 4.36732
317 5.11174
318 5.11174
319 5.11174
320 5.89618
321 5.89618
322 5.89618
323 5.89618
324 5.89618
325 5.89618
326 5.89618
327 5.89618
328 5.89618
329 6.21056
330 6.21056
331 6.21056
332 6.21056
333 6.21056
334 6.21056
335 6.35009
336 4.54644
337 4.40566
338 4.40566
339 4.40566
340 4.40566
341 4.40566
342 4.5771
343 2.34885
344 2.34885
345 5.28925
346 5.38715
347 5.30166
348 5.30166
349 6.74036
350 4.7559
351 4.1534
352 5.82378
353 7.08131
354 6.04053
355 6.04053
356 7.76727
357 7.1399
358 4.16349
359 4.16349
360 4.16349
361 4.16349
362 3.93177
363 6.29906
364 4.66017
365 4.66017
366 6.09836
367 6.09836
368 4.93674
369 4.93674
370 4.93674
371 4.10694
372 4.10694
373 4.44443
374 4.44443
375 4.77632
376 4.77632
377 5.67261
378 5.67261
379 4.29503
380 4.52573
381 4.52573
382 7.68147
383 6.40112
384 6.40112
385 5.67096
386 5.37311
387 5.11286
388 5.11286
389 5.11286
390 5.11286
391 5.11286
392 5.11286
393 6.15553
394 6.15553
395 6.15553
396 7.09568
397 7.09568
398 6.40807
399 4.32362
400 3.12
401 3.12
402 4.00993
403 4.00993
404 3.98108
405 3.48192
406 2.90025
407 2.90025
408 2.90025
409 2.90025
410 5.13798
411 4.37845
412 5.58408
413 5.58408
414 6.00464
415 3.00532
416 3.20289
417 3.20289
418 3.20289
419 3.20289
420 3.7095
421 3.7095
422 3.7095
423 3.52309
424 3.52309
425 3.52309
426 3.52309
427 3.80709
428 4.80891
429 5.75403
430 5.75403
431 6.55584
432 6.55584
433 6.55584
434 6.55584
435 5.18842
436 3.9998
437 3.9998
438 5.38325
439 5.38325
440 2.36364
441 3.26533
442 4.97898
443 4.97898
444 5.19479
445 5.19479
446 5.19479
447 4.92678
448 3.28944
449 3.28944
450 6.80059
451 6.80059
452 6.80059
453 6.80059
454 6.51793
455 6.51793
456 5.82287
457 5.82287
458 5.82287
459 5.82287
460 5.82287
461 5.81821
462 5.81821
463 5.81821
464 5.81821
465 8.92422
466 8.20031
467 6.7328
468 7.243
469 7.243
470 7.243
471 5.0693
472 5.18388
473 5.71215
474 5.71215
475 5.71215
476 5.71215
477 5.71215
478 3.6111
479 3.77127
480 3.55024
481 3.55024
482 4.73023
483 4.73023
484 4.11038
485 4.11038
486 6.92179
487 6.92179
488 4.0195
489 5.33927
490 5.33927
491 5.683
492 5.683
493 6.21033
494 4.57926
495 4.57926
496 4.57926
497 4.57926
498 3.10701
499 3.10701
500 3.10701
501 1.87471
502 1.87471
503 1.87471
504 1.87471
505 1.87471
506 1.87471
507 2.78971
508 2.78971
509 2.78971
510 2.78971
511 4.42613
512 2.02141
513 4.90338
514 6.23952
515 6.35335
516 5.9903
517 5.9903
518 4.42191
519 4.42191
520 4.42191
521 1.73212
522 1.73212
523 4.25077
524 4.25077
525 4.082
526 2.90655
527 2.90655
528 1.44551
529 2.18176
530 2.18176
531 2.18176
532 4.10959
533 4.12458
534 4.12458
535 4.12458
536 4.12458
537 2.87661
538 2.87661
539 3.38367
540 2.95606
541 2.95606
542 2.90595
543 4.92339
544 4.92339
545 4.92339
546 4.92339
547 4.04206
548 4.04206
549 1.592
550 1.592
551 1.592
552 3.98297
553 3.98297
554 3.98297
555 3.98297
556 3.98297
557 3.98297
558 1.29027
559 2.53089
560 3.01191
561 3.01191
562 3.025
563 3.025
564 3.3269
565 3.3269
566 1.38353
567 3.27054
568 3.27054
569 3.27054
570 3.27054
571 3.27054
572 0.614358
573 2.35895
574 2.35895
575 2.35895
576 4.08817
577 6.55778
578 6.55778
579 6.55778
580 6.55778
581 6.55778
582 6.55778
583 5.92459
584 3.82612
585 3.82612
586 3.82612
587 4.28653
588 4.28653
589 3.88089
590 5.77891
591 2.85485
592 3.47711
593 3.47711
594 6.1624
595 6.1624
596 5.28878
597 4.13483
598 4.13483
599 4.70137
600 6.78123
601 6.78123
602 6.78123
603 6.78123
604 6.85706
605 6.85706
606 7.90933
607 7.29113
608 7.29113
609 3.98061
610 3.98061
611 3.98061
612 2.51304
613 2.51304
614 2.51304
615 2.51304
616 2.51304
617 2.51304
618 2.51304
619 2.26063
620 2.26063
621 2.26063
622 1.78609
623 1.78609
624 3.51916
625 3.51916
626 3.51916
627 3.51916
628 3.51916
629 3.51916
630 4.02513
631 6.4478
632 6.33591
633 6.27156
634 9.45529
635 9.45529
636 12.1047
637 12.2169
638 12.2169
639 12.2169
640 12.2169
641 12.2169
642 13.1114
643 11.0766
644 8.39957
645 8.39957
646 8.88884
647 8.88884
648 8.33243
649 8.71401
650 10.2444
651 10.9662
652 10.9662
653 8.78397
654 8.64013
655 8.64013
656 8.54656
657 7.06312
658 7.06312
659 7.24966
660 7.09284
661 7.09284
662 4.64745
663 4.78285
664 4.78285
665 3.00294
666 3.19113
667 3.19113
668 3.19113
669 3.19113
670 1.0617
671 1.0617
672 1.0617
673 4.31584
674 0.811903
675 3.17015
676 5.06655
677 6.72631
678 6.05535
679 6.05535
680 2.36388
681 3.95502
682 2.66864
683 2.66864
684 2.66864
685 2.66864
686 2.66864
687 4.81147
688 4.81147
689 4.81147
690 4.81147
691 3.10332
692 3.29803
693 4.19814
694 4.19814
695 4.19854
696 3.69411
697 3.69411
698 2.8191
699 4.57914
700 4.57914
701 4.57914
702 2.87174
703 5.03051
704 5.03051
705 5.03051
706 5.02378
707 5.02378
708 5.27208
709 5.27208
710 6.44679
711 6.33901
712 6.04137
713 4.68208
714 4.68208
715 4.56827
716 3.3106
717 3.3106
718 3.72156
719 3.72156
720 1.218
721 1.218
722 1.218
723 3.85642
724 3.85642
725 3.85642
726 3.85642
727 4.63207
728 2.80326
729 4.67438
730 4.60583
731 6.20576
732 3.09278
733 3.09278
734 3.09278
735 3.09278
736 3.09278
737 2.29114
738 3.08129
739 5.06696
740 6.37496
741 5.86588
742 6.25578
743 3.0596
744 3.0596
745 3.0596
746 3.0596
747 3.0596
748 3.0596
749 2.97407
750 2.80234
751 2.80234
752 2.80234
753 2.80234
754 4.60579
755 4.60579
756 4.6816
757 4.6816
758 8.24759
759 8.24759
760 8.36802
761 7.10946
762 7.10946
763 7.10946
764 6.377
765 3.20897
766 2.34866
767 2.34866
768 2.34866
769 2.34866
770 4.10769
771 4.9669
772 6.60951
773 6.60951
774 6.60951
775 6.771
776 9.33431
777 9.33431
778 9.16162
779 9.16162
780 7.02928
781 5.58296
782 7.78672
783 4.85788
784 2.64043
785 3.20744
786 3.20744
787 3.20744
788 3.20744
789 4.39391
790 4.39391
791 4.39391
792 5.61005
793 4.41553
794 4.41553
795 4.41553
796 5.02503
797 5.02503
798 6.36125
799 6.36125
800 6.61206
801 6.61206
802 6.61206
803 7.64706
804 6.5394
805 5.94729
806 5.86804
807 5.86804
808 6.86255
809 7.47049
810 7.22889
811 7.22889
812 6.46992
813 6.46992
814 6.46992
815 6.2956
816 6.2956
817 6.2956
818 6.2956
819 4.9076
820 4.7728
821 4.02113
822 3.17435
823 3.50589
824 3.50589
825 3.50589
826 3.50589
827 3.50589
828 3.50589
829 5.89558
830 5.12116
831 5.12116
832 3.57272
833 3.57272
834 4.63902
835 4.63902
836 3.29329
837 3.29329
838 3.29329
839 3.29329
840 4.99155
841 4.99155
842 4.99155
843 4.00051
844 2.92736
845 2.92736
846 2.92736
847 2.92736
848 2.92736
849 2.92736
850 2.92736
851 2.92736
852 2.92736
853 2.92736
854 2.92736
855 5.85107
856 4.9294
857 4.9294
858 5.44303
859 5.44303
860 5.44303
861 5.44303
862 5.81141
863 6.51738
864 5.12071
865 5.12071
866 5.21436
867 1.91758
868 1.91758
869 1.91758
870 1.91758
871 1.91758
872 1.91758
873 1.91758
874 1.91758
875 1.91758
876 4.80434
877 2.39235
878 1.74832
879 3.66625
880 3.66625
881 3.66625
882 3.66625
883 3.81142
884 4.11751
885 4.41385
886 7.34839
887 6.00246
888 7.28798
889 4.7712
890 4.7712
891 4.7712
892 2.90055
893 3.22114
894 3.22114
895 3.22114
896 5.65394
897 5.71131
898 8.95294
899 9.13082
900 9.91597
901 6.24448
902 6.26103
903 6.26103
904 7.7028
905 7.7028
906 6.75162
907 6.75162
908 7.09315
909 6.11236
910 2.55811
911 2.55811
912 2.55811
913 2.55811
914 2.55811
915 2.55811
916 2.55811
917 3.96164
918 3.96164
919 3.96164
920 3.96164
921 3.96164
922 3.96164
923 2.08687
924 1.90145
925 4.3199
926 6.52944
927 6.52944
928 6.52944
929 6.52944
930 6.52944
931 6.52944
932 5.96992
933 4.47213
934 4.47213
935 4.47213
936 4.47213
937 4.47213
938 4.47213
939 4.67072
940 6.83628
941 6.83628
942 5.11907
943 5.11907
944 8.10438
945 6.86717
946 5.85982
947 6.48772
948 6.2721
949 6.2721
950 6.64238
951 6.64238
952 5.88706
953 7.00364
954 7.00364
955 7.00364
956 7.00364
957 7.00364
958 5.29068
959 6.6138
960 6.6138
961 4.57087
962 4.57087
963 4.10575
964 4.10575
965 4.10575
966 4.10575
967 4.10575
968 3.09115
969 3.42348
970 6.48329
971 5.99912
972 5.35095
973 2.53272
974 2.53272
975 2.53272
976 2.93659
977 2.75331
978 2.75331
979 2.75331
980 2.75331
981 1.32378
982 1.32378
983 4.40308
984 4.40308
985 4.40308
986 4.40308
987 6.24222
988 5.12517
989 5.12517
990 5.12517
991 3.84037
992 3.23595
993 3.75711
994 3.75711
995 3.75711
996 1.56844
997 2.26815
998 2.26815
999 2.26815
1000 2.26815
