1 4.15425
2 4.15425
3 4.15425
4 4.15425
5 4.15425
6 4.15425
7 4.15425
8 4.15425
9 4.15425
10 4.15425
11 4.15425
12 4.15425
13 3.38455
14 3.90258
15 3.54677
16 3.54677
17 3.54677
18 6.54248
19 6.54248
20 6.54248
21 6.54248
22 6.54248
23 6.54248
24 6.54248
25 6.29907
26 6.29907
27 6.29907
28 6.29907
29 6.29907
30 4.92598
31 4.92598
32 4.92598
33 4.92598
34 4.92598
35 4.51349
36 4.51349
37 1.50873
38 1.50873
39 3.40606
40 3.40606
41 3.40606
42 3.40606
43 3.40606
44 3.40606
45 2.94819
46 3.72815
47 3.72815
48 3.72815
49 3.49847
50 3.49847
51 3.49847
52 3.49847
53 3.49847
54 3.49847
55 3.49847
56 3.49847
57 3.49847
58 3.49847
59 3.49847
60 3.49847
61 3.49847
62 3.49847
63 3.49847
64 3.49847
65 3.49847
66 3.49847
67 3.06711
68 3.06711
69 4.8629
70 4.8629
71 4.8629
72 4.8629
73 4.8629
74 4.8629
75 4.8629
76 1.4718
77 5.6999
78 4.17165
79 3.9305
80 3.9305
81 3.9305
82 3.9305
83 3.9305
84 3.9305
85 3.9305
86 3.9305
87 3.9305
88 3.9305
89 1.75733
90 1.75733
91 2.80532
92 3.02736
93 3.99972
94 3.99972
95 3.99972
96 4.36294
97 4.36294
98 4.63809
99 4.63809
100 4.63809
101 4.63809
102 4.63809
103 4.63809
104 4.63809
105 6.38708
106 6.38708
107 6.38708
108 6.38708
109 6.38708
110 6.38708
111 6.71956
112 6.71956
113 6.71956
114 6.71956
115 6.71956
116 6.71956
117 6.71956
118 6.64235
119 6.64235
120 6.90997
121 6.90997
122 6.90997
123 6.90997
124 6.9067
125 6.9067
126 6.9067
127 6.9067
128 6.9067
129 6.9067
130 6.9067
131 6.9067
132 5.54527
133 4.72408
134 4.72408
135 4.72408
136 4.28187
137 3.24583
138 3.76788
139 3.76788
140 3.76788
141 3.76788
142 3.76788
143 3.25857
144 4.13142
145 4.13142
146 4.13142
147 4.13142
148 7.69486
149 8.11643
150 8.11643
151 8.11643
152 5.87358
153 5.87358
154 5.87358
155 5.87358
156 5.87358
157 5.87358
158 5.87358
159 5.87358
160 4.05847
161 4.57471
162 4.57471
163 4.57471
164 4.57471
165 4.57471
166 3.83233
167 4.5652
168 4.5652
169 4.5652
170 4.5652
171 4.5652
172 4.5652
173 3.20567
174 4.56928
175 4.56928
176 3.11702
177 5.82535
178 5.82535
179 5.82535
180 5.82535
181 5.82535
182 5.82535
183 3.20491
184 3.20491
185 3.01056
186 2.14227
187 2.14227
188 3.1245
189 3.1245
190 3.1245
191 3.13778
192 1.5248
193 2.2612
194 1.19592
195 2.91855
196 2.06379
197 2.06379
198 4.55916
199 4.55916
200 4.78067
201 4.78067
202 4.78067
203 4.78067
204 4.78067
205 4.78067
206 4.78067
207 4.78067
208 4.78067
209 5.04212
210 2.62117
211 4.15856
212 4.15856
213 5.08704
214 5.08704
215 5.08704
216 5.08704
217 5.08704
218 5.08704
219 5.08704
220 5.08704
221 5.08704
222 5.08704
223 5.08704
224 5.08704
225 5.08704
226 3.14471
227 4.16265
228 5.75883
229 8.0728
230 8.04686
231 8.04686
232 7.02948
233 3.45312
234 3.45312
235 3.35572
236 3.35572
237 3.54644
238 3.54644
239 3.54644
240 3.54644
241 3.54644
242 3.54644
243 3.54644
244 3.54644
245 3.54644
246 5.06832
247 5.06832
248 5.06832
249 5.06832
250 5.06832
251 4.06832
252 4.07536
253 4.97374
254 4.97374
255 4.97374
256 4.97374
257 6.75438
258 6.75438
259 6.75438
260 6.75438
261 6.75438
262 6.75438
263 6.75438
264 6.75438
265 6.75438
266 6.75438
267 6.75438
268 6.75438
269 6.75438
270 6.75438
271 6.75438
272 6.61624
273 6.61624
274 6.61624
275 6.61624
276 6.61624
277 6.61624
278 6.61624
279 6.61624
280 6.61624
281 6.61624
282 6.61624
283 6.61624
284 6.61624
285 6.61624
286 6.61624
287 6.61624
288 6.61624
289 6.61624
290 6.61624
291 6.61624
292 6.61624
293 6.61624
294 6.61624
295 3.63391
296 3.63391
297 3.63391
298 3.63391
299 3.63391
300 3.63391
301 3.63391
302 3.63391
303 3.63391
304 3.63391
305 3.63391
306 3.63391
307 3.63391
308 3.63391
309 3.63391
310 3.63391
311 3.63391
312 3.63391
313 2.65248
314 4.20995
315 4.20995
316 4.20995
317 4.20995
318 4.20995
319 7.0773
320 8.16247
321 8.16247
322 7.1615
323 7.1615
324 7.1615
325 7.1615
326 7.1615
327 6.61876
328 6.61876
329 6.61876
330 3.84072
331 1.57159
332 3.24037
333 3.24037
334 3.41173
335 3.41173
336 3.41173
337 3.41173
338 3.41173
339 3.41173
340 3.41173
341 3.11938
342 3.11938
343 3.11938
344 3.11938
345 3.11938
346 3.11938
347 3.2398
348 3.16404
349 2.70363
350 2.70363
351 2.70363
352 2.70363
353 1.72124
354 1.72124
355 1.55703
356 1.55703
357 1.55703
358 1.55703
359 1.55703
360 5.37172
361 5.37172
362 2.69262
363 2.69262
364 2.71152
365 3.67035
366 3.67035
367 4.31915
368 4.31915
369 4.31915
370 2.36364
371 2.36364
372 0.851
373 0.851
374 2.12902
375 2.38087
376 2.38087
377 2.38087
378 2.38087
379 2.38087
380 2.38087
381 2.38087
382 2.38087
383 2.38087
384 2.38087
385 2.38087
386 2.38087
387 2.38087
388 2.38087
389 2.38087
390 2.38087
391 2.38087
392 2.38087
393 2.38087
394 2.38087
395 2.38087
396 2.38087
397 2.38087
398 2.00639
399 2.00639
400 2.00639
401 2.40813
402 2.40813
403 2.40813
404 4.35423
405 2.77512
406 2.98777
407 2.98777
408 3.85973
409 3.85973
410 3.85973
411 2.92052
412 2.92052
413 2.89619
414 3.16075
415 2.89671
416 2.89671
417 2.89671
418 2.89671
419 2.89671
420 2.78322
421 2.78322
422 6.17919
423 6.17919
424 6.17919
425 6.17919
426 6.17919
427 6.17919
428 6.17919
429 6.05513
430 6.05513
431 6.05513
432 6.05513
433 6.05513
434 6.05513
435 6.05513
436 6.05513
437 6.05513
438 6.05513
439 6.05513
440 6.05513
441 6.05513
442 6.05513
443 6.05513
444 6.05513
445 6.05513
446 6.05513
447 5.04118
448 5.04118
449 5.04118
450 5.04118
451 5.04118
452 5.04118
453 5.04118
454 5.04118
455 5.04118
456 5.04118
457 5.04118
458 7.01618
459 7.01618
460 7.01618
461 8.1901
462 8.1901
463 8.1901
464 8.1901
465 8.1901
466 8.1901
467 8.1901
468 8.1901
469 8.1901
470 8.1901
471 8.1901
472 8.1901
473 8.1901
474 8.1901
475 8.1901
476 8.1901
477 8.1901
478 7.07385
479 7.07385
480 7.07385
481 7.07385
482 7.07385
483 7.07385
484 5.65869
485 5.65869
486 5.65869
487 5.65869
488 5.65869
489 5.03032
490 5.03032
491 3.45063
492 4.05595
493 4.05595
494 4.05595
495 4.05595
496 4.05595
497 4.05595
498 4.05595
499 4.05595
500 4.05595
501 4.05595
502 4.05595
503 4.05595
504 4.05595
505 4.05595
506 4.05595
507 4.05595
508 4.05595
509 4.05595
510 4.05595
511 4.05595
512 4.25714
513 4.03778
514 3.04703
515 3.04703
516 3.04703
517 3.04703
518 3.68718
519 3.68718
520 2.5968
521 2.5968
522 2.5968
523 2.5968
524 2.5968
525 2.5968
526 2.03209
527 2.03209
528 3.24134
529 4.73895
530 4.73895
531 5.74187
532 5.74187
533 2.9017
534 2.9017
535 2.9017
536 2.9017
537 2.9017
538 4.57122
539 3.00681
540 3.00681
541 3.00681
542 3.00681
543 3.00681
544 3.00681
545 3.00681
546 4.55181
547 4.55181
548 4.55181
549 5.04124
550 5.04124
551 5.04124
552 5.04124
553 5.04124
554 5.04124
555 4.02824
556 4.02824
557 4.02824
558 4.2522
559 4.2522
560 4.2522
561 4.2522
562 4.38027
563 4.38027
564 4.38027
565 4.38027
566 4.38027
567 6.28173
568 6.28173
569 6.28173
570 6.28173
571 6.49942
572 6.49942
573 6.49942
574 6.49527
575 6.49527
576 6.49527
577 6.49527
578 5.83888
579 5.83888
580 5.83888
581 5.83888
582 5.83888
583 5.83888
584 5.83888
585 5.83888
586 5.83888
587 5.83888
588 5.83888
589 5.83888
590 5.83888
591 5.83888
592 6.27049
593 6.27049
594 6.27049
595 6.27049
596 6.27049
597 6.27049
598 6.27049
599 6.27049
600 7.59641
601 7.59641
602 6.62699
603 6.62699
604 3.71957
605 3.71957
606 3.82992
607 3.82992
608 2.38525
609 2.38525
610 2.38525
611 2.38525
612 2.99229
613 5.47393
614 5.47393
615 5.47393
616 5.47393
617 5.47393
618 5.47393
619 5.47393
620 5.47393
621 5.47393
622 5.47393
623 5.47393
624 5.47393
625 5.47393
626 5.47393
627 3.21717
628 3.21717
629 3.21717
630 3.21717
631 3.21717
632 3.21717
633 3.21717
634 3.21717
635 3.21717
636 3.21717
637 4.80237
638 4.80237
639 4.80237
640 4.80237
641 4.80237
642 4.80237
643 4.80237
644 4.80237
645 4.80237
646 1.30544
647 1.98362
648 1.98362
649 1.98362
650 2.53541
651 2.69689
652 2.99483
653 2.99483
654 2.99483
655 2.99483
656 2.99483
657 1.76909
658 1.76909
659 1.76909
660 1.76909
661 1.76909
662 1.78037
663 1.78037
664 3.80883
665 3.80883
666 5.19364
667 5.19364
668 5.39556
669 3.54044
670 3.54044
671 3.54044
672 3.54044
673 4.13531
674 4.13531
675 2.40097
676 2.40097
677 2.74589
678 3.08606
679 3.08606
680 3.08606
681 3.08606
682 2.04028
683 2.04028
684 5.00101
685 5.00101
686 2.83862
687 2.83862
688 1.45543
689 1.45543
690 1.45543
691 1.45543
692 1.45543
693 3.95226
694 2.75695
695 3.27948
696 2.99409
697 2.99409
698 2.99409
699 2.99409
700 2.99409
701 2.99409
702 2.99409
703 2.99409
704 6.03803
705 5.54138
706 5.54138
707 5.54138
708 5.54138
709 5.54138
710 5.66368
711 5.66368
712 5.66368
713 5.66368
714 5.66368
715 5.66368
716 5.66368
717 5.66368
718 5.66368
719 5.66368
720 5.66368
721 5.66368
722 5.66368
723 5.66368
724 5.07247
725 5.07247
726 5.07247
727 7.13223
728 7.13223
729 10.018
730 10.018
731 10.018
732 10.018
733 10.018
734 10.018
735 10.018
736 10.018
737 10.018
738 10.018
739 10.018
740 10.018
741 10.018
742 10.018
743 10.018
744 10.018
745 10.018
746 10.018
747 10.018
748 10.018
749 10.018
750 10.018
751 10.018
752 10.018
753 10.018
754 10.018
755 10.018
756 10.018
757 10.018
758 10.018
759 10.018
760 10.018
761 10.018
762 10.018
763 5.43038
764 5.43038
765 5.43038
766 3.38836
767 3.48246
768 3.48246
769 3.27796
770 3.27796
771 5.04187
772 5.04187
773 5.04187
774 5.04187
775 5.04187
776 5.04187
777 5.04187
778 5.04187
779 5.04187
780 2.0884
781 2.0884
782 3.22869
783 2.41629
784 2.41629
785 2.41629
786 2.74968
787 2.74968
788 2.74968
789 2.74968
790 2.74968
791 2.74968
792 2.74968
793 3.45105
794 6.41613
795 6.41613
796 6.41613
797 7.21477
798 7.21477
799 7.21477
800 7.21477
801 7.21477
802 7.21477
803 7.21477
804 5.16058
805 5.16058
806 5.16058
807 5.16058
808 5.16058
809 2.61048
810 1.40336
811 3.90578
812 3.63876
813 3.63876
814 3.63876
815 4.76202
816 5.00085
817 5.00085
818 5.00085
819 3.4798
820 3.4798
821 3.4798
822 3.4798
823 5.43974
824 5.43974
825 5.43974
826 5.43974
827 5.43974
828 5.43974
829 5.43974
830 5.43974
831 5.43974
832 5.43974
833 5.43974
834 5.43974
835 5.43974
836 5.43974
837 5.43974
838 5.43974
839 5.43974
840 5.43974
841 5.43974
842 5.43974
843 5.43974
844 5.43974
845 5.43974
846 5.43974
847 5.43974
848 5.43974
849 5.43974
850 5.43974
851 5.43974
852 3.61625
853 3.61625
854 3.61625
855 1.4429
856 1.4429
857 1.4429
858 2.18875
859 2.18875
860 2.83542
861 5.28585
862 4.35613
863 3.6614
864 4.34966
865 4.34966
866 4.34966
867 4.34966
868 4.34966
869 4.34966
870 5.29042
871 5.29042
872 5.29042
873 5.29042
874 5.29042
875 5.29042
876 5.29042
877 5.29042
878 5.29042
879 5.29042
880 5.29042
881 5.29042
882 5.29042
883 3.27051
884 3.27051
885 4.88754
886 4.88754
887 4.88754
888 4.88754
889 4.88754
890 4.88754
891 4.88754
892 4.88754
893 4.23269
894 2.64883
895 2.64883
896 2.64883
897 2.64883
898 2.64883
899 2.64883
900 2.70874
901 2.70874
902 2.70874
903 2.55455
904 4.74403
905 4.74403
906 4.74403
907 4.74403
908 4.74403
909 4.47408
910 4.47408
911 1.66923
912 1.66923
913 3.33945
914 2.30457
915 2.30457
916 2.08558
917 2.08558
918 2.60584
919 2.60584
920 2.60584
921 2.60584
922 2.60584
923 2.60584
924 3.12085
925 3.10829
926 3.10829
927 3.10829
928 3.10829
929 3.00812
930 3.00812
931 2.44524
932 2.44524
933 2.44524
934 2.44524
935 2.44175
936 6.28728
937 6.28728
938 6.28728
939 6.28728
940 6.28728
941 6.28728
942 6.28728
943 6.28728
944 6.28728
945 6.28728
946 6.28728
947 6.28728
948 6.28728
949 6.28728
950 6.28728
951 6.28728
952 6.28728
953 6.28728
954 6.28728
955 6.28728
956 6.28728
957 5.96378
958 5.96378
959 5.96378
960 5.96378
961 5.96378
962 5.96378
963 5.96378
964 5.96378
965 5.96378
966 5.96378
967 5.96378
968 5.10467
969 5.10467
970 5.10467
971 5.06595
972 4.40375
973 4.40375
974 4.40375
975 4.40375
976 4.40375
977 4.40375
978 4.79998
979 4.79998
980 4.79998
981 4.79998
982 4.79998
983 4.79998
984 4.79998
985 4.79998
986 4.79998
987 4.79998
988 4.79998
989 4.79998
990 4.79998
991 4.79998
992 4.79998
993 4.79998
994 4.79998
995 5.2346
996 6.88496
997 6.88496
998 6.88496
999 6.88496
1000 6.88496
