1 1.51951 0
2 1.50563 0.013882
3 1.5068 0.00809993
4 1.50453 0.00616171
5 1.50331 0.00492619
6 1.50578 0.00472106
7 1.50227 0.00531652
8 1.49939 0.00542878
9 1.50005 0.00483296
10 1.50185 0.00468125
11 1.50307 0.00440681
12 1.50216 0.00412388
13 1.50322 0.00393882
14 1.50252 0.00371361
15 1.50238 0.00346008
16 1.50228 0.00323803
17 1.50255 0.00305376
18 1.50234 0.00288692
19 1.50187 0.00277078
20 1.50005 0.00319585
21 1.49976 0.00305357
22 1.4995 0.00292294
23 1.49974 0.00280272
24 1.49971 0.00268353
25 1.49899 0.00267293
26 1.49871 0.00258378
27 1.49833 0.00251435
28 1.49898 0.00250731
29 1.49925 0.00243465
30 1.49949 0.002364
31 1.49947 0.00228654
32 1.49916 0.00223511
33 1.49945 0.00218467
34 1.49937 0.00212093
35 1.49956 0.00206892
36 1.49951 0.00201129
37 1.49951 0.00195618
38 1.49962 0.00190723
39 1.49922 0.0019001
40 1.49862 0.0019469
41 1.49851 0.00190218
42 1.49887 0.00189225
43 1.49878 0.00184994
44 1.49883 0.0018079
45 1.49887 0.00176794
46 1.49891 0.00172936
47 1.499 0.00169482
48 1.49906 0.00166012
49 1.49891 0.00163251
50 1.49883 0.00160147
51 1.4985 0.00160369
52 1.49855 0.00157321
53 1.49843 0.00154794
54 1.49871 0.00154413
55 1.49872 0.00151589
56 1.49873 0.00148858
57 1.49852 0.0014773
58 1.49861 0.00145468
59 1.49852 0.00143273
60 1.49863 0.00141304
61 1.4985 0.0013961
62 1.49876 0.00139862
63 1.49863 0.00138289
64 1.4986 0.00136129
65 1.49878 0.00135183
66 1.49852 0.00135652
67 1.49849 0.00133645
68 1.49834 0.00132506
69 1.49848 0.00131278
70 1.4984 0.00129652
71 1.4985 0.00128249
72 1.49835 0.00127328
73 1.49843 0.00125821
74 1.49853 0.00124491
75 1.49845 0.00123075
76 1.49877 0.00125646
77 1.49866 0.00124468
78 1.49878 0.00123384
79 1.49869 0.00122135
80 1.49875 0.00120732
81 1.49887 0.00119886
82 1.49888 0.00118421
83 1.499 0.0011761
84 1.49884 0.00117355
85 1.49906 0.0011805
86 1.49935 0.00120237
87 1.49922 0.00119608
88 1.49929 0.00118484
89 1.49932 0.00117172
90 1.49902 0.00119634
91 1.4992 0.00119737
92 1.49907 0.00119136
93 1.49895 0.0011845
94 1.49883 0.00117808
95 1.49868 0.00117515
96 1.49879 0.00116791
97 1.49891 0.00116152
98 1.49883 0.00115231
99 1.49879 0.00114115
100 1.49876 0.00113014
