1 1.48831 0
2 1.50375 0.0154379
3 1.5005 0.00948884
4 1.50094 0.0067245
5 1.49851 0.00575035
6 1.4964 0.00514809
7 1.49803 0.00464603
8 1.49838 0.00403885
9 1.4996 0.00376553
10 1.49974 0.00337096
11 1.50057 0.00316032
12 1.50012 0.00291915
13 1.49891 0.00294738
14 1.49766 0.00299966
15 1.49833 0.00287035
16 1.49911 0.00279804
17 1.49773 0.00297143
18 1.49836 0.00287274
19 1.49763 0.00281495
20 1.49824 0.00273916
21 1.49839 0.00261003
22 1.49847 0.00248988
23 1.49919 0.00248416
24 1.49905 0.00238262
25 1.49914 0.002287
26 1.4996 0.00224498
27 1.49962 0.00216042
28 1.49956 0.00208274
29 1.50015 0.00209375
30 1.50095 0.00217493
31 1.50123 0.0021229
32 1.50138 0.00206076
33 1.50201 0.00209246
34 1.5027 0.00214518
35 1.50251 0.00209123
36 1.50231 0.00204278
37 1.50185 0.00203764
38 1.50152 0.00201162
39 1.50177 0.00197499
40 1.50186 0.00192705
41 1.50121 0.00198776
42 1.50122 0.00193988
43 1.50169 0.00195311
44 1.50169 0.0019082
45 1.50196 0.00188458
46 1.50207 0.00184662
47 1.50189 0.00181665
48 1.50265 0.00193754
49 1.50248 0.00190547
50 1.50242 0.00186803
51 1.50248 0.00183198
52 1.50232 0.0018032
53 1.50234 0.0017689
54 1.50195 0.00177828
55 1.50176 0.00175565
56 1.50161 0.00173053
57 1.5015 0.00170345
58 1.50169 0.00168482
59 1.50153 0.00166455
60 1.50132 0.00164936
61 1.50112 0.00163411
62 1.50131 0.00161797
63 1.50086 0.00165439
64 1.50066 0.00163983
65 1.5007 0.00161479
66 1.50042 0.00161412
67 1.50075 0.0016227
68 1.5006 0.00160555
69 1.50028 0.00161336
70 1.50032 0.00159065
71 1.50025 0.0015697
72 1.50002 0.00156506
73 1.50011 0.00154637
74 1.50023 0.00153012
75 1.50026 0.0015098
76 1.50044 0.00150034
77 1.50052 0.00148284
78 1.50065 0.0014697
79 1.50063 0.00145115
80 1.50047 0.00144124
81 1.50016 0.00145756
82 1.50039 0.00145846
83 1.50048 0.00144377
84 1.50043 0.00142749
85 1.50029 0.00141756
86 1.5001 0.00141442
87 1.50023 0.00140421
88 1.49984 0.00144176
89 1.49965 0.00143772
90 1.49959 0.00142306
91 1.49964 0.00140837
92 1.49968 0.00139348
93 1.49978 0.00138201
94 1.49991 0.00137353
95 1.49966 0.00138235
96 1.4999 0.00138905
97 1.50002 0.00138038
98 1.5 0.00136636
99 1.50015 0.00136003
100 1.50027 0.00135195
