1 4.97096 0
2 5.00561 0.0346491
3 5.01235 0.0211094
4 5.0104 0.0150541
5 5.01284 0.0119134
6 5.00781 0.0109502
7 5.00932 0.00937762
8 5.0091 0.00812425
9 5.00683 0.00751753
10 5.00501 0.00696611
11 5.00399 0.00638188
12 5.00642 0.00631055
13 5.00196 0.00731671
14 5.0046 0.00727034
15 5.00231 0.00714539
16 5.00035 0.00696733
17 5.00159 0.00666233
18 4.99949 0.00662263
19 5.00178 0.00666839
20 5.00018 0.00652603
21 4.99695 0.00699618
22 4.9953 0.00687084
23 4.99575 0.00658036
24 4.99424 0.00647929
25 4.99624 0.00652914
26 4.99569 0.00629686
27 4.9963 0.00608986
28 4.99739 0.00596771
29 4.99779 0.00577252
30 4.99934 0.00578724
31 4.99942 0.00559802
32 5.0003 0.00549222
33 4.99997 0.00533347
34 5.00072 0.00522769
35 5.00142 0.00512381
36 5.00203 0.00501665
37 5.00158 0.00489976
38 5.00048 0.00489431
39 5.00053 0.00476744
40 5.00276 0.00515361
41 5.00343 0.00507098
42 5.00333 0.00494971
43 5.00363 0.00484218
44 5.0032 0.00475044
45 5.00322 0.00464372
46 5.00303 0.00454572
47 5.00272 0.00445823
48 5.00235 0.00438019
49 5.00433 0.00472296
50 5.00516 0.00470169
51 5.00371 0.00482943
52 5.00356 0.00473829
53 5.00296 0.00468658
54 5.00344 0.00462463
55 5.00374 0.00454963
56 5.00452 0.00453466
57 5.00553 0.00456672
58 5.0059 0.0045026
59 5.00583 0.00442608
60 5.00564 0.00435615
61 5.00643 0.00435786
62 5.00697 0.00432089
63 5.00767 0.00430809
64 5.00821 0.00427481
65 5.00833 0.00421012
66 5.00794 0.00416357
67 5.00763 0.00411266
68 5.00661 0.0041784
69 5.00642 0.00412202
70 5.00663 0.00406832
71 5.0067 0.00401118
72 5.00599 0.00401734
73 5.00599 0.00396192
74 5.00554 0.00393448
75 5.00593 0.00390183
76 5.00627 0.00386453
77 5.00671 0.0038399
78 5.00648 0.00379739
79 5.00713 0.00380489
80 5.00711 0.00375709
81 5.00712 0.00371042
82 5.0075 0.0036852
83 5.00747 0.00364065
84 5.00738 0.00359822
85 5.00712 0.00356503
86 5.00744 0.00353797
87 5.00712 0.00351201
88 5.00592 0.0036722
89 5.00578 0.00363345
90 5.00631 0.00363143
91 5.0067 0.00361212
92 5.00674 0.00357288
93 5.00683 0.00353543
94 5.00655 0.00350891
95 5.0071 0.00351593
96 5.00734 0.00348724
97 5.00709 0.00346016
98 5.0068 0.00343717
99 5.00671 0.00340353
100 5.00713 0.00339537
