1 4.98566 0
2 4.98835 0.00269262
3 5.00274 0.0144766
4 5.0068 0.0110097
5 5.00956 0.0089641
6 5.00857 0.00738581
7 5.00067 0.0100685
8 5.00039 0.00872406
9 4.99528 0.00923664
10 4.99845 0.00884907
11 4.99285 0.00977077
12 4.99268 0.00892101
13 4.99224 0.00821785
14 4.98944 0.00810747
15 4.98861 0.00759353
16 4.99065 0.007392
17 4.99549 0.00846477
18 4.99724 0.00816931
19 5.00071 0.00846904
20 5.00076 0.00803464
21 5.00051 0.00764667
22 5.00091 0.00730199
23 5.00199 0.00706013
24 4.99988 0.00708022
25 4.99883 0.00687299
26 4.99874 0.00660391
27 4.99816 0.0063811
28 4.99799 0.00615117
29 4.99974 0.00618684
30 4.99924 0.00599821
31 4.99929 0.00580169
32 4.99831 0.00570148
33 4.99819 0.00552742
34 4.99778 0.00537791
35 4.99691 0.00529311
36 4.99664 0.00515139
37 4.99641 0.00501529
38 4.99631 0.00488262
39 4.99694 0.00479815
40 4.99561 0.00486331
41 4.9949 0.0047963
42 4.99422 0.00472961
43 4.99412 0.00461931
44 4.99468 0.00454702
45 4.99511 0.00446574
46 4.99646 0.00457195
47 4.99683 0.00448857
48 4.99691 0.00439491
49 4.99759 0.00435668
50 4.99847 0.00435941
51 4.99791 0.00431011
52 4.99945 0.00450002
53 4.99892 0.00444663
54 4.99924 0.00437512
55 4.99934 0.00429619
56 4.99737 0.0046565
57 4.99847 0.00470485
58 4.99726 0.00478111
59 4.99736 0.00470064
60 4.99736 0.00462163
61 4.99642 0.0046408
62 4.9957 0.00462184
63 4.99511 0.00458668
64 4.99427 0.00459084
65 4.99485 0.00455606
66 4.99527 0.00450609
67 4.99544 0.00444174
68 4.99589 0.00439874
69 4.99564 0.00434156
70 4.99524 0.00429819
71 4.99458 0.00428852
72 4.99523 0.00427809
73 4.99535 0.00422088
74 4.99544 0.00416437
75 4.99571 0.00411744
76 4.99566 0.00406313
77 4.99532 0.0040248
78 4.99507 0.00398101
79 4.99601 0.00404315
80 4.99642 0.00401323
81 4.99662 0.00396806
82 4.99637 0.00392727
83 4.99681 0.00390447
84 4.99701 0.00386318
85 4.99719 0.00382158
86 4.99715 0.00377711
87 4.99757 0.00375672
88 4.9974 0.00371768
89 4.99752 0.00367791
90 4.99813 0.00368653
91 4.99822 0.00364697
92 4.99826 0.00360735
93 4.99823 0.00356853
94 4.99786 0.00354949
95 4.998 0.0035147
96 4.99857 0.00352387
97 4.99839 0.00349176
98 4.99817 0.00346268
99 4.99825 0.00342826
100 4.99889 0.00345459
