            1            -0.965304            -0.965304            0
            2            -0.981144            -0.973224            0.00792
            3            -0.976552            -0.974333            0.00470525
            4            -0.971808            -0.973702            0.00338649
            5            -0.969624            -0.972886            0.00274703
            6            -0.9688            -0.972205            0.00234406
            7            -0.96656            -0.971399            0.00213896
            8            -0.975104            -0.971862            0.00190941
            9            -0.978328            -0.97258            0.0018308
            10            -0.971896            -0.972512            0.00163895
            11            -0.973624            -0.972613            0.00148593
            12            -0.97256            -0.972609            0.00135647
            13            -0.973112            -0.972647            0.00124837
            14            -0.964048            -0.972033            0.00130885
            15            -0.976048            -0.972301            0.00124752
            16            -0.975472            -0.972499            0.00118366
            17            -0.971832            -0.97246            0.00111255
            18            -0.97996            -0.972876            0.00112865
            19            -0.977192            -0.973104            0.00109149
            20            -0.9806            -0.973478            0.00110123
            1            -0.761304            -0.761304            0
            2            -0.761704            -0.761504            0.0002
            3            -0.765352            -0.762787            0.00128785
            4            -0.756768            -0.761282            0.00175878
            5            -0.76196            -0.761418            0.00136908
            6            -0.761968            -0.761509            0.0011216
            7            -0.763904            -0.761851            0.00100777
            8            -0.763336            -0.762037            0.000892264
            9            -0.762736            -0.762115            0.000790726
            10            -0.76644            -0.762547            0.000829026
            11            -0.76            -0.762316            0.000784821
            12            -0.766448            -0.76266            0.000794905
            13            -0.760056            -0.76246            0.000758146
            14            -0.762944            -0.762494            0.000702759
            15            -0.757408            -0.762155            0.000736885
            16            -0.760352            -0.762042            0.000698445
            17            -0.759672            -0.761903            0.00067073
            18            -0.760264            -0.761812            0.000638893
            19            -0.762152            -0.76183            0.000604597
            20            -0.763608            -0.761919            0.00058042
            1            -0.584656            -0.584656            0
            2            -0.583696            -0.584176            0.00048
            3            -0.582352            -0.583568            0.00066818
            4            -0.580472            -0.582794            0.000906812
            5            -0.580352            -0.582306            0.000855523
            6            -0.584728            -0.582709            0.000806813
            7            -0.5858            -0.583151            0.000812346
            8            -0.584472            -0.583316            0.000722635
            9            -0.584424            -0.583439            0.000649086
            10            -0.581368            -0.583232            0.000616397
            11            -0.58216            -0.583135            0.000566005
            12            -0.583416            -0.583158            0.000517222
            13            -0.582832            -0.583133            0.000476435
            14            -0.5854            -0.583295            0.000469879
            15            -0.582584            -0.583247            0.000439993
            16            -0.581896            -0.583163            0.000420154
            17            -0.58284            -0.583144            0.000395123
            18            -0.579624            -0.582948            0.000420734
            19            -0.584984            -0.583056            0.000412142
            20            -0.582664            -0.583036            0.000391483
            1            -0.461072            -0.461072            0
            2            -0.464176            -0.462624            0.001552
            3            -0.461696            -0.462315            0.000947939
            4            -0.45804            -0.461246            0.00126148
            5            -0.459968            -0.46099            0.00101002
            6            -0.462968            -0.46132            0.000888103
            7            -0.462848            -0.461538            0.000781681
            8            -0.46156            -0.461541            0.000676961
            9            -0.465184            -0.461946            0.000721306
            10            -0.461416            -0.461893            0.000647327
            11            -0.461584            -0.461865            0.000586202
            12            -0.461976            -0.461874            0.000535207
            13            -0.463024            -0.461962            0.000500203
            14            -0.464712            -0.462159            0.000503022
            15            -0.46508            -0.462354            0.000507167
            16            -0.463104            -0.462401            0.000476724
            17            -0.46172            -0.46236            0.00044959
            18            -0.463656            -0.462432            0.000429945
            19            -0.460896            -0.462352            0.000414648
            20            -0.46016            -0.462242            0.000408347
            1            -0.380944            -0.380944            0
            2            -0.379216            -0.38008            0.000864
            3            -0.381056            -0.380405            0.000595545
            4            -0.37588            -0.379274            0.00120717
            5            -0.378128            -0.379045            0.000962748
            6            -0.378576            -0.378967            0.000789954
            7            -0.380456            -0.379179            0.000700715
            8            -0.381312            -0.379446            0.000662806
            9            -0.382136            -0.379745            0.000656522
            10            -0.379            -0.37967            0.000591917
            11            -0.379968            -0.379697            0.000536092
            12            -0.379712            -0.379699            0.000489384
            13            -0.380784            -0.379782            0.000457844
            14            -0.382416            -0.37997            0.000463755
            15            -0.381264            -0.380057            0.000440263
            16            -0.383216            -0.380254            0.000456723
            17            -0.38304            -0.380418            0.000459252
            18            -0.379128            -0.380346            0.000438877
            19            -0.379008            -0.380276            0.000421069
            20            -0.37852            -0.380188            0.000408994
            1            -0.37996            -0.37996            0
            2            -0.381544            -0.380752            0.000792
            3            -0.37756            -0.379688            0.00115809
            4            -0.376544            -0.378902            0.00113507
            5            -0.37848            -0.378818            0.000883264
            6            -0.383432            -0.379587            0.00105431
            7            -0.382168            -0.379955            0.000964345
            8            -0.378744            -0.379804            0.000848765
            9            -0.37976            -0.379799            0.000748556
            10            -0.380008            -0.37982            0.000669855
            11            -0.379848            -0.379823            0.000605912
            12            -0.380744            -0.379899            0.000558424
            13            -0.380304            -0.37993            0.000514618
            14            -0.381376            -0.380034            0.000487503
            15            -0.380984            -0.380097            0.000458241
            16            -0.380072            -0.380096            0.000428648
            17            -0.379752            -0.380075            0.000403152
            18            -0.381624            -0.380161            0.000389711
            19            -0.3814            -0.380227            0.000374351
            20            -0.377424            -0.380086            0.000381785
            1            -0.462192            -0.462192            0
            2            -0.461888            -0.46204            0.000152
            3            -0.460496            -0.461525            0.000522095
            4            -0.458232            -0.460702            0.000902313
            5            -0.4596            -0.460482            0.000732856
            6            -0.464472            -0.461147            0.000894631
            7            -0.462896            -0.461397            0.00079633
            8            -0.461576            -0.461419            0.000690007
            9            -0.462128            -0.461498            0.000613607
            10            -0.464368            -0.461785            0.000619348
            11            -0.460992            -0.461713            0.000564839
            12            -0.463184            -0.461835            0.000530001
            13            -0.461368            -0.461799            0.000488854
            14            -0.46232            -0.461837            0.000454116
            15            -0.461992            -0.461847            0.000422886
            16            -0.461768            -0.461842            0.000395604
            17            -0.461888            -0.461845            0.000371615
            18            -0.461968            -0.461852            0.000350429
            19            -0.46372            -0.46195            0.000345753
            20            -0.459272            -0.461816            0.000354285
            1            -0.582496            -0.582496            0
            2            -0.585032            -0.583764            0.001268
            3            -0.581496            -0.583008            0.00105237
            4            -0.580488            -0.582378            0.000975007
            5            -0.581752            -0.582253            0.000765544
            6            -0.586328            -0.582932            0.000923048
            7            -0.584312            -0.583129            0.000804643
            8            -0.581944            -0.582981            0.000712414
            9            -0.583056            -0.582989            0.000628345
            10            -0.58488            -0.583178            0.000592959
            11            -0.58132            -0.583009            0.000562331
            12            -0.5832            -0.583025            0.000513581
            13            -0.585056            -0.583182            0.00049758
            14            -0.583256            -0.583187            0.0004607
            15            -0.582456            -0.583138            0.000431647
            16            -0.582512            -0.583099            0.000405661
            17            -0.581048            -0.582978            0.000399696
            18            -0.582616            -0.582958            0.000377374
            19            -0.582544            -0.582936            0.000357625
            20            -0.580952            -0.582837            0.000353484
            1            -0.760416            -0.760416            0
            2            -0.766448            -0.763432            0.003016
            3            -0.76084            -0.762568            0.00194386
            4            -0.757288            -0.761248            0.0019057
            5            -0.759784            -0.760955            0.00150491
            6            -0.76224            -0.761169            0.00124727
            7            -0.763528            -0.761506            0.00110668
            8            -0.763912            -0.761807            0.00100448
            9            -0.763792            -0.762028            0.000912913
            10            -0.76044            -0.761869            0.000831824
            11            -0.763072            -0.761978            0.000760322
            12            -0.75868            -0.761703            0.000746514
            13            -0.763784            -0.761863            0.000705098
            14            -0.763456            -0.761977            0.000662632
            15            -0.758256            -0.761729            0.00066489
            16            -0.760584            -0.761657            0.000626052
            17            -0.760032            -0.761562            0.000595796
            18            -0.759304            -0.761436            0.000575557
            19            -0.763056            -0.761522            0.000551055
            20            -0.7584            -0.761366            0.00054558
            1            -0.955688            -0.955688            0
            2            -0.965424            -0.960556            0.004868
            3            -0.964592            -0.961901            0.00311594
            4            -0.965456            -0.96279            0.00237577
            5            -0.968472            -0.963926            0.00216286
            6            -0.964664            -0.964049            0.00177024
            7            -0.975584            -0.965697            0.00222568
            8            -0.969424            -0.966163            0.001983
            9            -0.959192            -0.965388            0.00191269
            10            -0.967144            -0.965564            0.00171974
            11            -0.962608            -0.965295            0.00157861
            12            -0.979112            -0.966447            0.00184455
            13            -0.978808            -0.967398            0.00194502
            14            -0.96844            -0.967472            0.00180227
            15            -0.972384            -0.967799            0.00170948
            16            -0.984288            -0.96883            0.00190238
            17            -0.980208            -0.969499            0.0019082
            18            -0.962624            -0.969117            0.00183917
            19            -0.98044            -0.969713            0.00183892
            20            -0.973136            -0.969884            0.00175292
            1            -0.997582            -0.997582            0
            2            -0.998213            -0.997898            0.00031532
            3            -1.00253            -0.99944            0.00155333
            4            -1.00297            -1.00032            0.00140904
            5            -1.00774            -1.00181            0.00184226
            6            -1.00796            -1.00283            0.00182014
            7            -1.00173            -1.00267            0.00154637
            8            -1.01019            -1.00361            0.00163608
            9            -0.99894            -1.00309            0.00153349
            10            -0.997948            -1.00258            0.001465
            11            -1.00457            -1.00276            0.00133749
            12            -0.9989            -1.00244            0.00126264
            13            -1.00993            -1.00302            0.00129637
            14            -1.00455            -1.00313            0.0012052
            15            -0.998444            -1.00281            0.00116457
            16            -0.996767            -1.00244            0.00115303
            17            -1.00767            -1.00274            0.00112606
            18            -1.00115            -1.00266            0.00106532
            19            -1.00452            -1.00275            0.00101248
            20            -1.00281            -1.00276            0.000960522
            1            -0.76621            -0.76621            0
            2            -0.774659            -0.770434            0.00422464
            3            -0.766588            -0.769152            0.00275561
            4            -0.765047            -0.768126            0.00220226
            5            -0.769579            -0.768417            0.00173045
            6            -0.767026            -0.768185            0.0014318
            7            -0.76658            -0.767955            0.00123163
            8            -0.766323            -0.767751            0.00108595
            9            -0.769743            -0.767973            0.000982947
            10            -0.766871            -0.767863            0.000886054
            11            -0.769197            -0.767984            0.000810601
            12            -0.764541            -0.767697            0.000793658
            13            -0.769281            -0.767819            0.000740161
            14            -0.766156            -0.7677            0.000695474
            15            -0.767504            -0.767687            0.000647582
            16            -0.767584            -0.767681            0.000605792
            17            -0.762437            -0.767372            0.000647255
            18            -0.766274            -0.767311            0.000613281
            19            -0.767966            -0.767346            0.00058113
            20            -0.763609            -0.767159            0.000582108
            1            -0.58529            -0.58529            0
            2            -0.586407            -0.585848            0.0005586
            3            -0.582082            -0.584593            0.00129632
            4            -0.582805            -0.584146            0.00101975
            5            -0.584043            -0.584125            0.000790162
            6            -0.586158            -0.584464            0.000728744
            7            -0.584629            -0.584488            0.000616354
            8            -0.584354            -0.584471            0.00053404
            9            -0.584833            -0.584511            0.000472692
            10            -0.585581            -0.584618            0.000436112
            11            -0.582717            -0.584445            0.000430676
            12            -0.583081            -0.584332            0.000409256
            13            -0.585878            -0.584451            0.000394812
            14            -0.584936            -0.584485            0.000367166
            15            -0.584508            -0.584487            0.000341816
            16            -0.583315            -0.584414            0.000328015
            17            -0.583195            -0.584342            0.000316339
            18            -0.583875            -0.584316            0.000299373
            19            -0.58313            -0.584254            0.000289981
            20            -0.582241            -0.584153            0.000292924
            1            -0.46328            -0.46328            0
            2            -0.462865            -0.463073            0.00020736
            3            -0.460459            -0.462202            0.000879387
            4            -0.458983            -0.461397            0.00101693
            5            -0.461739            -0.461465            0.000790668
            6            -0.465284            -0.462102            0.00090661
            7            -0.463397            -0.462287            0.000788244
            8            -0.463143            -0.462394            0.000690972
            9            -0.463917            -0.462563            0.000632435
            10            -0.464985            -0.462805            0.000615335
            11            -0.461213            -0.46266            0.000575102
            12            -0.463276            -0.462712            0.000527497
            13            -0.461487            -0.462617            0.000494294
            14            -0.463225            -0.462661            0.00045968
            15            -0.463553            -0.46272            0.000432049
            16            -0.462351            -0.462697            0.000404802
            17            -0.463224            -0.462728            0.000381505
            18            -0.463339            -0.462762            0.000361283
            19            -0.464372            -0.462847            0.000352083
            20            -0.459797            -0.462694            0.000367171
            1            -0.380479            -0.380479            0
            2            -0.382214            -0.381347            0.00086724
            3            -0.377897            -0.380197            0.00125404
            4            -0.377914            -0.379626            0.00105453
            5            -0.378924            -0.379486            0.000828801
            6            -0.383429            -0.380143            0.000943372
            7            -0.382147            -0.380429            0.00084713
            8            -0.379411            -0.380302            0.000744595
            9            -0.379934            -0.380261            0.000657947
            10            -0.380085            -0.380244            0.000588748
            11            -0.379525            -0.380178            0.000536536
            12            -0.381381            -0.380278            0.000499939
            13            -0.380342            -0.380283            0.000459903
            14            -0.381765            -0.380389            0.000438739
            15            -0.381418            -0.380458            0.000414166
            16            -0.380504            -0.380461            0.000387428
            17            -0.379995            -0.380433            0.000364955
            18            -0.381965            -0.380518            0.00035445
            19            -0.381383            -0.380564            0.000338349
            20            -0.378462            -0.380459            0.000337749
            1            -0.381353            -0.381353            0
            2            -0.380172            -0.380763            0.00059072
            3            -0.381319            -0.380948            0.000388258
            4            -0.378038            -0.380221            0.000777585
            5            -0.378346            -0.379846            0.000709479
            6            -0.38041            -0.37994            0.000586866
            7            -0.380896            -0.380076            0.000514449
            8            -0.38207            -0.380326            0.000510498
            9            -0.383538            -0.380682            0.000574528
            10            -0.37963            -0.380577            0.000524543
            11            -0.382422            -0.380745            0.000503225
            12            -0.380086            -0.38069            0.000462649
            13            -0.381448            -0.380748            0.00042955
            14            -0.383162            -0.380921            0.00043345
            15            -0.381209            -0.38094            0.000403978
            16            -0.383653            -0.38111            0.000414195
            17            -0.383638            -0.381258            0.000416527
            18            -0.380298            -0.381205            0.000396312
            19            -0.378104            -0.381042            0.000408851
            20            -0.381058            -0.381043            0.000387871
            1            -0.460594            -0.460594            0
            2            -0.464778            -0.462686            0.00209232
            3            -0.461722            -0.462364            0.00125002
            4            -0.459936            -0.461757            0.00107239
            5            -0.461326            -0.461671            0.000835135
            6            -0.465526            -0.462314            0.000936937
            7            -0.46245            -0.462333            0.000792095
            8            -0.463125            -0.462432            0.000693085
            9            -0.464889            -0.462705            0.000669422
            10            -0.462448            -0.462679            0.000599299
            11            -0.464701            -0.462863            0.000572391
            12            -0.462766            -0.462855            0.000522582
            13            -0.46285            -0.462855            0.000480706
            14            -0.46517            -0.46302            0.000474781
            15            -0.464651            -0.463129            0.000455173
            16            -0.463089            -0.463126            0.000425782
            17            -0.4645            -0.463207            0.000408035
            18            -0.465073            -0.463311            0.000398416
            19            -0.46122            -0.463201            0.000392604
            20            -0.45975            -0.463028            0.000410471
            1            -0.585768            -0.585768            0
            2            -0.58562            -0.585694            7.36e-05
            3            -0.582797            -0.584728            0.000966535
            4            -0.580769            -0.583739            0.00120291
            5            -0.583256            -0.583642            0.000936755
            6            -0.585934            -0.584024            0.000854957
            7            -0.588568            -0.584673            0.000971357
            8            -0.586373            -0.584886            0.000867632
            9            -0.584644            -0.584859            0.00076565
            10            -0.583606            -0.584734            0.000696179
            11            -0.583472            -0.584619            0.000640074
            12            -0.582648            -0.584455            0.000606947
            13            -0.586022            -0.584575            0.000571179
            14            -0.586965            -0.584746            0.000555678
            15            -0.582786            -0.584615            0.000533548
            16            -0.582755            -0.584499            0.000512448
            17            -0.582521            -0.584383            0.000495221
            18            -0.585393            -0.584439            0.000470258
            19            -0.586125            -0.584528            0.000453586
            20            -0.583809            -0.584492            0.000431808
            1            -0.766748            -0.766748            0
            2            -0.767349            -0.767048            0.0003002
            3            -0.768052            -0.767383            0.000376659
            4            -0.767341            -0.767372            0.000266547
            5            -0.763546            -0.766607            0.000792534
            6            -0.768371            -0.766901            0.000710761
            7            -0.771285            -0.767527            0.00086778
            8            -0.768725            -0.767677            0.000766292
            9            -0.767827            -0.767694            0.000676011
            10            -0.769886            -0.767913            0.000643173
            11            -0.764048            -0.767562            0.000679643
            12            -0.771164            -0.767862            0.000689225
            13            -0.766573            -0.767763            0.000641696
            14            -0.772216            -0.768081            0.000673894
            15            -0.761323            -0.76763            0.00077237
            16            -0.768102            -0.76766            0.000723087
            17            -0.76717            -0.767631            0.000679831
            18            -0.767808            -0.767641            0.000641027
            19            -0.767876            -0.767653            0.000606477
            20            -0.766203            -0.767581            0.000579907
            1            -1.00684            -1.00684            0
            2            -1.00282            -1.00483            0.00200704
            3            -1.0033            -1.00432            0.00126625
            4            -1.00348            -1.00411            0.000919533
            5            -0.997428            -1.00277            0.0015144
            6            -0.998705            -1.0021            0.00141021
            7            -0.999871            -1.00178            0.00123348
            8            -1.00667            -1.00239            0.00123079
            9            -0.998773            -1.00199            0.00115743
            10            -0.999314            -1.00172            0.00106919
            11            -1.00933            -1.00241            0.00118897
            12            -0.997623            -1.00201            0.00115641
            13            -1.00024            -1.00188            0.00107248
            14            -0.999853            -1.00173            0.00100338
            15            -0.991462            -1.00105            0.00115814
            16            -1.00808            -1.00149            0.00116904
            17            -1.00836            -1.00189            0.00117015
            18            -1.00436            -1.00203            0.00111174
            19            -1.00441            -1.00215            0.00105904
            20            -1.0007            -1.00208            0.00100731
            1            -0.892924            -0.892924            0
            2            -0.893654            -0.893289            0.0003648
            3            -0.891874            -0.892817            0.000516713
            4            -0.877641            -0.889023            0.00381169
            5            -0.884374            -0.888093            0.00309551
            6            -0.882924            -0.887232            0.0026703
            7            -0.889695            -0.887584            0.00228408
            8            -0.894955            -0.888505            0.00218216
            9            -0.893438            -0.889053            0.00200102
            10            -0.88366            -0.888514            0.00186925
            11            -0.884049            -0.888108            0.00173883
            12            -0.898375            -0.888963            0.00180322
            13            -0.887832            -0.888876            0.001661
            14            -0.883047            -0.88846            0.00159316
            15            -0.887018            -0.888364            0.00148626
            16            -0.890604            -0.888504            0.0013973
            17            -0.88307            -0.888184            0.0013509
            18            -0.890013            -0.888286            0.00127768
            19            -0.876978            -0.887691            0.00134716
            20            -0.892328            -0.887923            0.00129889
            1            -0.888707            -0.888707            0
            2            -0.889918            -0.889313            0.00060544
            3            -0.884621            -0.887749            0.00160235
            4            -0.885922            -0.887292            0.00122164
            5            -0.90134            -0.890102            0.0029646
            6            -0.891843            -0.890392            0.00243792
            7            -0.88252            -0.889267            0.00234732
            8            -0.886233            -0.888888            0.00206791
            9            -0.883536            -0.888293            0.00191823
            10            -0.882181            -0.887682            0.00182135
            11            -0.891608            -0.888039            0.00168569
            12            -0.888795            -0.888102            0.00154011
            13            -0.885305            -0.887887            0.00143293
            14            -0.885859            -0.887742            0.00133452
            15            -0.884519            -0.887527            0.00126082
            16            -0.882937            -0.88724            0.00121378
            17            -0.88088            -0.886866            0.00119996
            18            -0.891441            -0.88712            0.00115953
            19            -0.88156            -0.886828            0.00113517
            20            -0.892096            -0.887091            0.00110867
            1            -0.670347            -0.670347            0
            2            -0.672793            -0.67157            0.0012232
            3            -0.665377            -0.669506            0.00218183
            4            -0.668265            -0.669195            0.00157366
            5            -0.66764            -0.668884            0.00125804
            6            -0.669992            -0.669069            0.00104366
            7            -0.66851            -0.668989            0.000885663
            8            -0.668421            -0.668918            0.000770286
            9            -0.669801            -0.669016            0.000686371
            10            -0.666926            -0.668807            0.000648525
            11            -0.664806            -0.668443            0.000690247
            12            -0.664432            -0.668109            0.000713285
            13            -0.668665            -0.668152            0.000657521
            14            -0.66901            -0.668213            0.000611826
            15            -0.666578            -0.668104            0.000579918
            16            -0.668638            -0.668137            0.000543488
            17            -0.669111            -0.668195            0.000513722
            18            -0.663851            -0.667953            0.000541138
            19            -0.665623            -0.667831            0.000526359
            20            -0.664289            -0.667654            0.000529815
            1            -0.668925            -0.668925            0
            2            -0.669737            -0.669331            0.00040624
            3            -0.666273            -0.668312            0.00104594
            4            -0.663574            -0.667127            0.00139631
            5            -0.663209            -0.666344            0.00133559
            6            -0.668914            -0.666772            0.00117164
            7            -0.667652            -0.666898            0.000998152
            8            -0.664885            -0.666646            0.000900282
            9            -0.667891            -0.666784            0.000805932
            10            -0.666687            -0.666775            0.000720914
            11            -0.664219            -0.666542            0.00069224
            12            -0.66931            -0.666773            0.000672711
            13            -0.667807            -0.666853            0.000623894
            14            -0.666459            -0.666824            0.000578296
            15            -0.663563            -0.666607            0.000580621
            16            -0.667345            -0.666653            0.000545077
            17            -0.664508            -0.666527            0.000527332
            18            -0.667935            -0.666605            0.000503291
            19            -0.667213            -0.666637            0.000477138
            20            -0.667759            -0.666693            0.000456117
            1            -0.517391            -0.517391            0
            2            -0.520505            -0.518948            0.00155688
            3            -0.516179            -0.518025            0.00128839
            4            -0.516421            -0.517624            0.00099534
            5            -0.515645            -0.517228            0.000866628
            6            -0.520322            -0.517744            0.000875524
            7            -0.521795            -0.518322            0.000939388
            8            -0.519015            -0.518409            0.000818124
            9            -0.516003            -0.518142            0.000769462
            10            -0.516338            -0.517961            0.000711479
            11            -0.517787            -0.517945            0.000643752
            12            -0.515614            -0.517751            0.000618958
            13            -0.520002            -0.517924            0.000595115
            14            -0.519758            -0.518055            0.000566331
            15            -0.518968            -0.518116            0.000530724
            16            -0.516197            -0.517996            0.000510737
            17            -0.517796            -0.517984            0.000479898
            18            -0.518566            -0.518017            0.000453604
            19            -0.516739            -0.517949            0.000434301
            20            -0.515098            -0.517807            0.000435977
            1            -0.517852            -0.517852            0
            2            -0.518965            -0.518408            0.00055648
            3            -0.515772            -0.51753            0.000935563
            4            -0.514111            -0.516675            0.00108076
            5            -0.517522            -0.516845            0.000854127
            6            -0.51842            -0.517107            0.000745214
            7            -0.518398            -0.517292            0.000656254
            8            -0.516353            -0.517174            0.000580315
            9            -0.518141            -0.517282            0.000522943
            10            -0.519734            -0.517527            0.000528127
            11            -0.516234            -0.517409            0.000491967
            12            -0.515401            -0.517242            0.000479277
            13            -0.516524            -0.517187            0.000444316
            14            -0.518411            -0.517274            0.000420554
            15            -0.518393            -0.517349            0.000398553
            16            -0.515745            -0.517249            0.000386057
            17            -0.516719            -0.517217            0.000363971
            18            -0.51749            -0.517233            0.000343488
            19            -0.517941            -0.51727            0.00032704
            20            -0.513097            -0.517061            0.000373878
            1            -0.418313            -0.418313            0
            2            -0.419179            -0.418746            0.000433
            3            -0.416871            -0.418121            0.000673168
            4            -0.415771            -0.417534            0.000756141
            5            -0.416265            -0.41728            0.000638337
            6            -0.420477            -0.417813            0.000745412
            7            -0.418342            -0.417888            0.000634514
            8            -0.416488            -0.417713            0.000576732
            9            -0.417379            -0.417676            0.000509987
            10            -0.417879            -0.417696            0.000456598
            11            -0.417944            -0.417719            0.000413622
            12            -0.417604            -0.417709            0.000377706
            13            -0.418241            -0.41775            0.00034984
            14            -0.419548            -0.417879            0.000348416
            15            -0.418692            -0.417933            0.000328861
            16            -0.418253            -0.417953            0.000308273
            17            -0.416896            -0.417891            0.000296169
            18            -0.418588            -0.417929            0.000281904
            19            -0.419627            -0.418019            0.000281223
            20            -0.416586            -0.417947            0.000276245
            1            -0.414395            -0.414395            0
            2            -0.418782            -0.416588            0.00219332
            3            -0.416916            -0.416698            0.00127103
            4            -0.415505            -0.4164            0.000946889
            5            -0.417547            -0.416629            0.000768515
            6            -0.418856            -0.417            0.000729073
            7            -0.419839            -0.417406            0.000737667
            8            -0.418625            -0.417558            0.000656759
            9            -0.422081            -0.418061            0.000766808
            10            -0.418143            -0.418069            0.000685904
            11            -0.419629            -0.418211            0.000636427
            12            -0.419779            -0.418341            0.000595494
            13            -0.416263            -0.418182            0.000570635
            14            -0.41976            -0.418294            0.000540196
            15            -0.418445            -0.418304            0.000502995
            16            -0.421152            -0.418482            0.000503039
            17            -0.420312            -0.41859            0.000484624
            18            -0.418619            -0.418592            0.000456911
            19            -0.418286            -0.418575            0.000432492
            20            -0.416537            -0.418474            0.000422764
            1            -0.41548            -0.41548            0
            2            -0.41768            -0.41658            0.0011
            3            -0.415648            -0.416269            0.000706999
            4            -0.413856            -0.415666            0.00078354
            5            -0.418568            -0.416246            0.000839777
            6            -0.417784            -0.416503            0.000731999
            7            -0.418064            -0.416726            0.000657633
            8            -0.4182            -0.41691            0.0005986
            9            -0.42108            -0.417373            0.000702405
            10            -0.417352            -0.417371            0.000628254
            11            -0.417984            -0.417427            0.000571001
            12            -0.418896            -0.417549            0.000535434
            13            -0.416056            -0.417434            0.000505746
            14            -0.417904            -0.417468            0.000469429
            15            -0.418024            -0.417505            0.000438584
            16            -0.418528            -0.417569            0.000415209
            17            -0.420064            -0.417716            0.000416721
            18            -0.41688            -0.417669            0.000395623
            19            -0.417376            -0.417654            0.00037454
            20            -0.41444            -0.417493            0.000389968
            1            -0.417704            -0.417704            0
            2            -0.419016            -0.41836            0.000656
            3            -0.416536            -0.417752            0.000716317
            4            -0.413928            -0.416796            0.00108189
            5            -0.414696            -0.416376            0.000937387
            6            -0.420408            -0.417048            0.00101852
            7            -0.418408            -0.417242            0.000882458
            8            -0.415848            -0.417068            0.000783853
            9            -0.41672            -0.417029            0.000692374
            10            -0.417344            -0.417061            0.000620077
            11            -0.417904            -0.417137            0.000566094
            12            -0.417432            -0.417162            0.000517354
            13            -0.417936            -0.417222            0.000479606
            14            -0.419136            -0.417358            0.000464609
            15            -0.417864            -0.417392            0.000433839
            16            -0.41704            -0.41737            0.000406416
            17            -0.416064            -0.417293            0.000389414
            18            -0.417288            -0.417293            0.000367143
            19            -0.418824            -0.417373            0.00035651
            20            -0.415448            -0.417277            0.00035165
            1            -0.5162            -0.5162            0
            2            -0.517928            -0.517064            0.000864
            3            -0.51568            -0.516603            0.000679456
            4            -0.511944            -0.515438            0.00125987
            5            -0.515664            -0.515483            0.000976939
            6            -0.518048            -0.515911            0.000904987
            7            -0.518488            -0.516279            0.000848861
            8            -0.515704            -0.516207            0.000738639
            9            -0.516504            -0.51624            0.000652254
            10            -0.518312            -0.516447            0.000619096
            11            -0.514832            -0.5163            0.000578924
            12            -0.51532            -0.516219            0.000534761
            13            -0.517048            -0.516282            0.000496028
            14            -0.516848            -0.516323            0.000461006
            15            -0.516168            -0.516313            0.000429297
            16            -0.515048            -0.516234            0.000409274
            17            -0.514856            -0.516152            0.000392892
            18            -0.51636            -0.516164            0.000370602
            19            -0.518256            -0.516274            0.000367439
            20            -0.51152            -0.516036            0.000421917
            1            -0.51552            -0.51552            0
            2            -0.51752            -0.51652            0.001
            3            -0.5168            -0.516613            0.000584846
            4            -0.513688            -0.515882            0.000840161
            5            -0.51484            -0.515674            0.00068334
            6            -0.516456            -0.515804            0.00057298
            7            -0.519752            -0.516368            0.000743371
            8            -0.515568            -0.516268            0.000651498
            9            -0.518136            -0.516476            0.000610907
            10            -0.51632            -0.51646            0.000546633
            11            -0.515064            -0.516333            0.000510475
            12            -0.513112            -0.516065            0.000537779
            13            -0.516616            -0.516107            0.000496499
            14            -0.518968            -0.516311            0.000503046
            15            -0.5184            -0.516451            0.000488571
            16            -0.51508            -0.516365            0.000464976
            17            -0.516096            -0.516349            0.000437055
            18            -0.514624            -0.516253            0.000423059
            19            -0.515136            -0.516195            0.000404472
            20            -0.514208            -0.516095            0.000396363
            1            -0.6638            -0.6638            0
            2            -0.66768            -0.66574            0.00194
            3            -0.666032            -0.665837            0.00112428
            4            -0.661336            -0.664712            0.00137782
            5            -0.663792            -0.664528            0.001083
            6            -0.666872            -0.664919            0.000966717
            7            -0.6644            -0.664845            0.000820378
            8            -0.6636            -0.664689            0.000727302
            9            -0.664328            -0.664649            0.000642673
            10            -0.664728            -0.664657            0.000574878
            11            -0.663208            -0.664525            0.000536418
            12            -0.664256            -0.664503            0.000490194
            13            -0.6644            -0.664495            0.000450982
            14            -0.665896            -0.664595            0.000429357
            15            -0.662024            -0.664423            0.000434905
            16            -0.664344            -0.664419            0.000406847
            17            -0.664488            -0.664423            0.000382188
            18            -0.661768            -0.664275            0.000389342
            19            -0.66624            -0.664379            0.000382525
            20            -0.664056            -0.664362            0.000363253
            1            -0.66564            -0.66564            0
            2            -0.668872            -0.667256            0.001616
            3            -0.663592            -0.666035            0.00153693
            4            -0.664896            -0.66575            0.00112343
            5            -0.66468            -0.665536            0.000896136
            6            -0.668704            -0.666064            0.000902306
            7            -0.6684            -0.666398            0.00083241
            8            -0.665776            -0.66632            0.000725065
            9            -0.66672            -0.666364            0.00064099
            10            -0.66476            -0.666204            0.000595346
            11            -0.663952            -0.665999            0.000576114
            12            -0.662488            -0.665707            0.000601837
            13            -0.66732            -0.665831            0.000567349
            14            -0.66608            -0.665849            0.000525564
            15            -0.662112            -0.665599            0.000549037
            16            -0.666776            -0.665673            0.000518815
            17            -0.664904            -0.665628            0.000489437
            18            -0.661624            -0.665405            0.000512257
            19            -0.663928            -0.665328            0.000490746
            20            -0.661408            -0.665132            0.00050513
            1            -0.872392            -0.872392            0
            2            -0.867568            -0.86998            0.002412
            3            -0.870664            -0.870208            0.00141111
            4            -0.873624            -0.871062            0.00131337
            5            -0.86988            -0.870826            0.00104443
            6            -0.868856            -0.870497            0.000913777
            7            -0.870864            -0.87055            0.000774057
            8            -0.87344            -0.870911            0.000761512
            9            -0.864592            -0.870209            0.000971593
            10            -0.871576            -0.870346            0.000879707
            11            -0.873448            -0.870628            0.000844229
            12            -0.877744            -0.871221            0.00097243
            13            -0.868832            -0.871037            0.000913183
            14            -0.867192            -0.870762            0.000888931
            15            -0.869296            -0.870665            0.000833304
            16            -0.863616            -0.870224            0.000895358
            17            -0.869336            -0.870172            0.000842662
            18            -0.879432            -0.870686            0.000946493
            19            -0.869664            -0.870632            0.000896908
            20            -0.871904            -0.870696            0.000853253
            1            -0.872248            -0.872248            0
            2            -0.872616            -0.872432            0.000184
            3            -0.877056            -0.873973            0.00154499
            4            -0.864944            -0.871716            0.0025078
            5            -0.874704            -0.872314            0.00203238
            6            -0.864256            -0.870971            0.00213475
            7            -0.871048            -0.870982            0.00180423
            8            -0.871448            -0.87104            0.0015636
            9            -0.872952            -0.871252            0.00139523
            10            -0.873016            -0.871429            0.00126033
            11            -0.86456            -0.870804            0.00129983
            12            -0.876384            -0.871269            0.00127442
            13            -0.869304            -0.871118            0.00118201
            14            -0.871112            -0.871118            0.00109433
            15            -0.866056            -0.87078            0.00107319
            16            -0.870256            -0.870748            0.00100442
            17            -0.872304            -0.870839            0.000947917
            18            -0.866888            -0.87062            0.000920266
            19            -0.87132            -0.870656            0.000871265
            20            -0.876376            -0.870942            0.000874629
