0 1.00216 0
1 0.999977 0.00218533
2 0.998678 0.00181068
3 0.995884 0.00307355
4 0.995551 0.002404
5 0.99711 0.00250713
6 0.997194 0.00212058
7 0.997013 0.00184539
8 0.996298 0.00177758
9 0.996129 0.00159891
10 0.996667 0.0015431
11 0.997007 0.00144915
12 0.997585 0.00145301
13 0.997807 0.00136344
14 0.997881 0.00127142
15 0.998458 0.00132197
16 0.998189 0.00127049
17 0.99803 0.00120836
18 0.997984 0.00114393
19 0.998107 0.00109215
20 0.997925 0.00105462
21 0.997688 0.0010332
22 0.997711 0.000987532
23 0.997927 0.000969798
24 0.998104 0.00094695
25 0.998214 0.000916363
26 0.998175 0.000882625
27 0.998219 0.000851647
28 0.998034 0.000842252
29 0.99812 0.000818212
30 0.998319 0.000816074
31 0.998518 0.000814895
32 0.998472 0.000791157
33 0.998845 0.000853207
34 0.999068 0.000858007
35 0.999065 0.000833839
36 0.99925 0.000831973
37 0.999118 0.000820498
38 0.999052 0.000801921
39 0.999067 0.000781761
40 0.999159 0.000767924
41 0.999163 0.000749429
42 0.999166 0.000731799
43 0.999105 0.000717582
44 0.998945 0.000719336
45 0.998836 0.000711905
46 0.999014 0.0007188
47 0.999053 0.000704742
48 0.999177 0.000701381
49 0.999159 0.000687443
50 0.999058 0.00068137
51 0.998972 0.000673724
52 0.999004 0.000661674
53 0.998981 0.000649698
54 0.998983 0.000637778
55 0.99915 0.000648122
56 0.99913 0.000636969
57 0.999348 0.000662765
58 0.999241 0.000660106
59 0.999196 0.000650566
60 0.999073 0.000651618
61 0.998839 0.000682259
62 0.999028 0.000697402
63 0.999184 0.000703984
64 0.999076 0.000701471
65 0.999056 0.00069104
66 0.998991 0.000683778
67 0.99905 0.000676204
68 0.9991 0.000668231
69 0.999217 0.000668955
70 0.999246 0.000660081
71 0.999351 0.00065938
72 0.999399 0.000652046
73 0.999396 0.000643185
74 0.999396 0.000634551
75 0.999286 0.000635648
76 0.999454 0.000649353
77 0.999444 0.000641048
78 0.999355 0.000639159
79 0.99939 0.000632068
80 0.999468 0.000629079
81 0.999389 0.000626278
82 0.999439 0.000620656
83 0.999357 0.000618679
84 0.999317 0.000612653
85 0.999307 0.000605569
86 0.99932 0.000598703
87 0.999295 0.000592386
88 0.999269 0.000586268
89 0.999233 0.000580813
90 0.999207 0.000574973
91 0.999198 0.000568758
92 0.999141 0.000565514
93 0.999138 0.000559475
94 0.999229 0.00056091
95 0.999328 0.000563805
96 0.999352 0.00055848
97 0.999359 0.000552796
98 0.999393 0.000548241
99 0.999477 0.000549272
