0 0.999642 0
1 0.99942 0.000221882
2 0.998961 0.000476116
3 0.999394 0.000547986
4 0.999423 0.000425493
5 0.999161 0.000435455
6 0.999136 0.000368854
7 0.999384 0.000404043
8 0.999611 0.000422861
9 0.999626 0.000378499
10 0.999538 0.000353434
11 0.99941 0.000346989
12 0.999399 0.000319378
13 0.99949 0.000309314
14 0.999623 0.00031722
15 0.99969 0.000304215
16 0.999711 0.000286557
17 0.999713 0.000270174
18 0.999661 0.000260846
19 0.99969 0.000249213
20 0.999661 0.000238899
21 0.999634 0.000229347
22 0.999601 0.000221616
23 0.999612 0.000212497
24 0.999637 0.00020532
25 0.999714 0.000211566
26 0.999791 0.000217645
27 0.999783 0.000209857
28 0.99973 0.00020952
29 0.999702 0.00020434
30 0.99976 0.000206128
31 0.999751 0.000199804
32 0.999755 0.000193707
33 0.999691 0.000198562
34 0.999702 0.000193137
35 0.999725 0.00018911
36 0.999773 0.000190028
37 0.999763 0.000185268
38 0.999838 0.000195513
39 0.999799 0.000194532
40 0.999808 0.000189954
41 0.999736 0.000198758
42 0.999761 0.000195684
43 0.999778 0.000191905
44 0.999767 0.00018792
45 0.999793 0.000185704
46 0.999792 0.000181716
47 0.999805 0.000178387
48 0.999837 0.000177487
49 0.999838 0.000173904
50 0.999818 0.000171593
51 0.999841 0.000169833
52 0.99986 0.000167707
53 0.999871 0.000164944
54 0.999904 0.000165244
55 0.999886 0.000163321
56 0.999836 0.000167871
57 0.999836 0.000164952
58 0.999859 0.000163776
59 0.999884 0.000162927
60 0.999849 0.00016393
61 0.999893 0.000167015
62 0.999903 0.000164693
63 0.999891 0.000162556
64 0.999911 0.000161213
65 0.999927 0.000159631
66 0.99997 0.000162789
67 0.999986 0.000161258
68 0.999973 0.000159439
69 0.999963 0.000157507
70 0.999955 0.000155466
71 0.999952 0.000153312
72 0.999995 0.000157041
73 0.999952 0.000160783
74 0.999972 0.000159913
75 0.999984 0.000158284
76 0.999969 0.000157015
77 0.99997 0.000154993
78 0.999977 0.000153176
79 0.999942 0.00015511
80 0.999968 0.000155349
81 0.999959 0.000153741
82 0.999983 0.00015383
83 0.99997 0.000152539
84 0.999975 0.00015082
85 0.999999 0.000150993
86 0.999993 0.000149359
87 0.99998 0.000148261
88 0.999963 0.000147608
89 0.999986 0.000147811
90 1.00001 0.000148244
91 1.00003 0.000147517
92 1 0.000147807
93 0.999998 0.000146328
94 0.999988 0.00014513
95 1.00001 0.000144992
96 1 0.000143715
97 1.00001 0.00014251
98 1.00002 0.000141306
99 1.00003 0.000140955
