1 60.6907
2 56.3705
3 51.5468
4 47.0958
5 43.3154
6 40.7019
7 38.0859
8 35.9811
9 33.4352
10 31.4383
11 29.5543
12 28.7175
13 27.3068
14 26.2972
15 25.435
16 24.2687
17 23.6255
18 22.635
19 22.2212
20 21.5785
21 21.2865
22 20.686
23 20.2694
24 20.3039
25 19.6215
26 18.7125
27 18.253
28 17.0196
29 16.5397
30 16.283
31 15.8998
32 16.0768
33 15.6723
34 15.0661
35 14.4815
36 14.4678
37 14.0936
38 13.6253
39 13.9675
40 13.4954
41 13.8359
42 13.1442
43 13.2701
44 13.2483
45 13.3904
46 13.8247
47 13.6558
48 13.387
49 12.6523
50 12.341
51 12.0011
52 11.6207
53 11.4762
54 11.7656
55 11.2156
56 11.0542
57 10.2202
58 9.56093
59 9.24961
60 9.16221
61 8.51564
62 8.21157
63 8.14744
64 7.87987
65 7.37951
66 7.45944
67 7.54596
68 7.9452
69 7.94434
70 7.79909
71 8.41783
72 8.78386
73 8.88853
74 9.23985
75 8.91889
76 8.43215
77 8.48362
78 8.47021
79 8.13924
80 7.53197
81 7.82409
82 7.22983
83 6.95992
84 6.78512
85 6.55229
86 6.64272
87 6.37103
88 6.01227
89 5.96056
90 6.41525
91 6.95707
92 6.74646
93 6.61848
94 6.1572
95 6.85292
96 6.58681
97 5.9747
98 5.82729
99 5.73499
100 5.79583
101 5.91674
102 5.41975
103 5.15392
104 5.70265
105 6.30776
106 6.39073
107 6.44178
108 6.14212
109 5.95064
110 5.66946
111 5.75464
112 6.01786
113 6.1476
114 6.33796
115 6.78295
116 6.82483
117 6.82546
118 7.09659
119 6.77342
120 6.46836
121 6.31337
122 6.45514
123 6.7222
124 7.06225
125 7.30808
126 7.35742
127 6.93851
128 6.89982
129 6.54471
130 6.48615
131 5.90327
132 6.28719
133 6.00248
134 6.22428
135 6.79121
136 6.73486
137 6.43205
138 6.21649
139 6.19097
140 5.9846
141 5.35282
142 6.13725
143 6.64559
144 6.07756
145 6.07622
146 6.49579
147 6.03777
148 6.29631
149 6.37186
150 6.00488
151 5.76103
152 6.15428
153 6.08473
154 5.82993
155 5.95095
156 6.77993
157 6.74522
158 6.78263
159 6.28647
160 5.8463
161 5.99897
162 6.47382
163 6.86878
164 6.85813
165 6.51602
166 5.9931
167 6.10654
168 5.8534
169 5.57039
170 5.6062
171 5.76248
172 5.98716
173 6.07365
174 6.03122
175 6.03474
176 6.24099
177 5.95488
178 6.29834
179 5.76609
180 5.88333
181 6.21793
182 6.57036
183 6.37571
184 6.16117
185 5.83184
186 5.85513
187 6.44311
188 5.93379
189 5.98318
190 6.0994
191 5.68345
192 6.16712
193 7.00977
194 6.85476
195 6.86651
196 7.21969
197 7.14606
198 6.83736
199 6.95475
200 6.3615
201 5.77573
202 5.96972
203 6.35689
204 6.1571
205 6.86037
206 6.32616
207 6.59295
208 5.71238
209 5.78491
210 5.94681
211 6.41036
212 6.0382
213 6.27465
214 6.19146
215 6.6408
216 6.43925
217 6.09235
218 5.98181
219 6.17108
220 6.42134
221 6.15668
222 6.05982
223 5.95678
224 5.4868
225 5.99094
226 6.16236
227 6.31004
228 6.19857
229 5.83947
230 6.2917
231 6.36422
232 6.08851
233 6.00204
234 6.31489
235 5.80968
236 6.05749
237 5.895
238 5.48838
239 6.11961
240 6.03988
241 5.95121
242 6.26396
243 5.87979
244 6.53477
245 6.63403
246 5.95416
247 6.14414
248 6.20823
249 6.00458
250 5.60948
251 6.208
252 6.00683
253 6.09732
254 6.15552
255 5.88099
256 5.92153
257 5.5604
258 5.38762
259 5.84147
260 6.31083
261 6.11953
262 6.06669
263 6.31797
264 6.10224
265 5.67113
266 6.32129
267 5.98623
268 5.6983
269 5.45547
270 5.84183
271 5.95001
272 5.8797
273 5.78334
274 5.73852
275 5.65512
276 5.77845
277 6.11102
278 6.37842
279 6.40499
280 6.55387
281 6.51647
282 6.27119
283 5.93336
284 6.19438
285 6.07144
286 6.22702
287 6.20331
288 6.21292
289 6.216
290 6.41211
291 6.46283
292 6.86897
293 6.61115
294 7.10392
295 6.71809
296 6.38642
297 6.13132
298 5.93927
299 6.26743
300 6.44541
301 7.146
302 6.4457
303 6.31428
304 6.33226
305 6.27359
306 6.2231
307 6.64034
308 6.28044
309 6.16509
310 6.01795
311 6.03656
312 5.32112
313 5.46201
314 5.83961
315 5.902
316 5.6388
317 5.62918
318 5.63779
319 5.42407
320 5.6636
321 5.48233
322 4.89466
323 5.30854
324 5.44298
325 5.873
326 5.52911
327 6.21839
328 5.52769
329 5.79735
330 5.57001
331 6.86783
332 6.26548
333 6.10479
334 5.65387
335 6.4647
336 5.90169
337 6.35375
338 6.18242
339 5.6426
340 5.74619
341 5.36641
342 5.41535
343 5.50008
344 5.4268
345 5.15176
346 5.2018
347 5.63702
348 5.84735
349 6.65416
350 6.11531
351 6.64189
352 6.44413
353 6.52997
354 6.17538
355 6.04961
356 6.19277
357 6.22639
358 6.17503
359 6.07306
360 5.71617
361 5.62285
362 5.79222
363 5.40507
364 5.54549
365 5.08227
366 5.93631
367 5.89934
368 5.77241
369 5.72502
370 5.55222
371 5.92706
372 5.54944
373 5.31212
374 5.53359
375 5.69067
376 5.73893
377 6.32462
378 5.62128
379 6.29898
380 6.42126
381 5.77148
382 5.77462
383 6.03955
384 6.3462
385 5.87589
386 5.7299
387 5.57193
388 5.96364
389 5.9514
390 6.10443
391 6.22632
392 5.85992
393 5.32763
394 5.70617
395 5.89306
396 6.12597
397 5.77365
398 5.69154
399 5.99399
400 6.11697
401 6.4078
402 6.51558
403 6.37465
404 6.55057
405 6.18254
406 6.26439
407 6.24766
408 6.25892
409 6.28666
410 6.05075
411 5.77642
412 6.02064
413 5.97742
414 6.3864
415 6.50185
416 6.56723
417 6.19349
418 5.89757
419 6.18942
420 6.36601
421 6.17767
422 6.11569
423 5.64435
424 6.08824
425 6.33936
426 6.39096
427 6.36582
428 5.82033
429 5.8779
430 6.26914
431 5.94426
432 5.72693
433 5.83335
434 5.73807
435 5.69575
436 5.92244
437 5.71469
438 5.78707
439 5.71661
440 6.61434
441 6.20408
442 6.14559
443 5.85418
444 5.04295
445 5.32692
446 5.52245
447 6.4014
448 6.32186
449 5.84862
450 6.05655
451 5.74537
452 5.73237
453 5.86281
454 6.05563
455 5.83995
456 5.76495
457 5.80806
458 6.30361
459 6.08715
460 6.50267
461 6.70622
462 6.37241
463 6.00938
464 6.59929
465 6.8579
466 6.65446
467 6.39497
468 6.07576
469 5.89511
470 6.22008
471 5.95368
472 6.33037
473 6.1899
474 5.84401
475 5.94139
476 5.46489
477 5.43151
478 5.30125
479 5.47629
480 5.87319
481 5.99193
482 5.66626
483 6.21354
484 6.14226
485 6.02714
486 5.96846
487 6.24436
488 6.23607
489 6.26964
490 6.23157
491 6.41013
492 5.99319
493 6.45062
494 6.21294
495 5.99247
496 5.6855
497 6.105
498 5.64296
499 4.84939
500 5.27532
