1 41.3345
2 35.2274
3 33.6551
4 29.9062
5 28.6646
6 27.0834
7 24.9742
8 23.3722
9 22.2852
10 21.678
11 21.4714
12 18.249
13 16.9473
14 16.9473
15 16.4948
16 16.3704
17 15.952
18 14.396
19 14.396
20 13.8834
21 13.8834
22 13.0787
23 12.5241
24 12.3307
25 11.7761
26 10.9934
27 9.5754
28 9.54986
29 9.54986
30 9.46923
31 9.46923
32 9.2203
33 8.60712
34 8.29465
35 8.29465
36 8.17869
37 8.17869
38 7.93785
39 7.8219
40 7.8219
41 7.72601
42 7.72601
43 7.65531
44 7.10307
45 7.10307
46 7.10307
47 7.10307
48 7.10307
49 7.10307
50 7.02252
51 7.02252
52 6.11399
53 6.11399
54 6.02947
55 5.69192
56 5.24361
57 4.98068
58 4.55069
59 4.55069
60 4.55069
61 4.4605
62 4.32197
63 4.32197
64 4.21283
65 4.00415
66 3.86562
67 3.86562
68 3.75648
69 3.75648
70 3.47221
71 3.47221
72 3.47221
73 3.33368
74 3.33368
75 3.33368
76 3.33368
77 3.00359
78 3.00359
79 2.88969
80 2.88969
81 2.88969
82 2.88969
83 2.84334
84 2.79514
85 2.79514
86 2.79081
87 2.73627
88 2.73627
89 2.65529
90 2.64171
91 2.60893
92 2.6046
93 2.53338
94 2.5311
95 2.43882
96 2.43882
97 2.43882
98 2.43882
99 2.43882
100 2.43882
101 2.43882
102 2.43882
103 2.43882
104 2.43882
105 2.43882
106 2.43882
107 2.43882
108 2.43882
109 2.43882
110 2.43882
111 2.43882
112 2.43882
113 2.43882
114 2.43882
115 2.43882
116 2.43882
117 2.43882
118 2.41106
119 2.41106
120 2.41106
121 2.41106
122 2.41106
123 2.41106
124 2.41106
125 2.41106
126 2.41106
127 2.41106
128 2.41106
129 2.41106
130 2.41106
131 2.41106
132 2.41106
133 2.41106
134 2.41106
135 2.41106
136 2.41106
137 2.41106
138 2.41106
139 2.41106
140 2.41106
141 2.41106
142 2.41106
143 2.41106
144 2.41106
145 2.41106
146 2.41106
147 2.41106
148 2.41106
149 2.41106
150 2.41106
151 2.41106
152 2.41106
153 2.41106
154 2.41106
155 2.41106
156 2.41106
157 2.41106
158 2.41106
159 2.41106
160 2.41106
161 2.41106
162 2.41106
163 2.41106
164 2.41106
165 2.41106
166 2.41106
167 2.41106
168 2.41106
169 2.41106
170 2.41106
171 2.41106
172 2.41106
173 2.41106
174 2.41106
175 2.41106
176 2.41106
177 2.41106
178 2.41106
179 2.41106
180 2.41106
181 2.41106
182 2.41106
183 2.41106
184 2.41106
185 2.41106
186 2.41106
187 2.41106
188 2.41106
189 2.41106
190 2.41106
191 2.41106
192 2.41106
193 2.41106
194 2.41106
195 2.41106
196 2.41106
197 2.41106
198 2.41106
199 2.41106
200 2.41106
201 2.41106
202 2.41106
203 2.41106
204 2.41106
205 2.41106
206 2.41106
207 2.41106
208 2.41106
209 2.41106
210 2.41106
211 2.41106
212 2.41106
213 2.41106
214 2.41106
215 2.41106
216 2.41106
217 2.41106
218 2.41106
219 2.41106
220 2.41106
221 2.41106
222 2.41106
223 2.41106
224 2.41106
225 2.41106
226 2.41106
227 2.41106
228 2.41106
229 2.41106
230 2.41106
231 2.41106
232 2.41106
233 2.41106
234 2.41106
235 2.41106
236 2.41106
237 2.41106
238 2.41106
239 2.41106
240 2.41106
241 2.41106
242 2.41106
243 2.41106
244 2.41106
245 2.41106
246 2.41106
247 2.41106
248 2.41106
249 2.41106
250 2.41106
251 2.41106
252 2.41106
253 2.41106
254 2.41106
255 2.41106
256 2.41106
257 2.41106
258 2.41106
259 2.41106
260 2.41106
261 2.41106
262 2.41106
263 2.41106
264 2.41106
265 2.41106
266 2.41106
267 2.41106
268 2.41106
269 2.41106
270 2.41106
271 2.41106
272 2.41106
273 2.41106
274 2.41106
275 2.41106
276 2.41106
277 2.41106
278 2.41106
279 2.41106
280 2.41106
281 2.41106
282 2.41106
283 2.41106
284 2.41106
285 2.41106
286 2.41106
287 2.41106
288 2.41106
289 2.41106
290 2.41106
291 2.41106
292 2.41106
293 2.41106
294 2.41106
295 2.41106
296 2.41106
297 2.41106
298 2.41106
299 2.41106
300 2.41106
301 2.41106
302 2.41106
303 2.41106
304 2.41106
305 2.41106
306 2.41106
307 2.41106
308 2.41106
309 2.41106
310 2.41106
311 2.41106
312 2.41106
313 2.41106
314 2.41106
315 2.41106
316 2.41106
317 2.41106
318 2.41106
319 2.41106
320 2.41106
321 2.41106
322 2.41106
323 2.41106
324 2.41106
325 2.41106
326 2.41106
327 2.41106
328 2.41106
329 2.41106
330 2.41106
331 2.41106
332 2.41106
333 2.41106
334 2.41106
335 2.41106
336 2.41106
337 2.41106
338 2.41106
339 2.41106
340 2.41106
341 2.41106
342 2.41106
343 2.41106
344 2.41106
345 2.41106
346 2.41106
347 2.41106
348 2.41106
349 2.41106
350 2.41106
351 2.41106
352 2.41106
353 2.41106
354 2.41106
355 2.41106
356 2.41106
357 2.41106
358 2.41106
359 2.41106
360 2.41106
361 2.41106
362 2.41106
363 2.41106
364 2.41106
365 2.41106
366 2.41106
367 2.41106
368 2.41106
369 2.41106
370 2.41106
371 2.41106
372 2.41106
373 2.41106
374 2.41106
375 2.41106
376 2.41106
377 2.41106
378 2.41106
379 2.41106
380 2.41106
381 2.41106
382 2.41106
383 2.41106
384 2.41106
385 2.41106
386 2.41106
387 2.41106
388 2.41106
389 2.41106
390 2.41106
391 2.41106
392 2.41106
393 2.41106
394 2.41106
395 2.41106
396 2.41106
397 2.41106
398 2.41106
399 2.41106
400 2.41106
401 2.41106
402 2.41106
403 2.41106
404 2.41106
405 2.41106
406 2.41106
407 2.41106
408 2.41106
409 2.41106
410 2.41106
411 2.41106
412 2.41106
413 2.41106
414 2.41106
415 2.41106
416 2.41106
417 2.41106
418 2.41106
419 2.41106
420 2.41106
421 2.41106
422 2.41106
423 2.41106
424 2.41106
425 2.41106
426 2.41106
427 2.41106
428 2.41106
429 2.41106
430 2.41106
431 2.41106
432 2.41106
433 2.41106
434 2.41106
435 2.41106
436 2.41106
437 2.41106
438 2.41106
439 2.41106
440 2.41106
441 2.41106
442 2.41106
443 2.41106
444 2.41106
445 2.41106
446 2.41106
447 2.41106
448 2.41106
449 2.41106
450 2.41106
451 2.41106
452 2.41106
453 2.41106
454 2.41106
455 2.41106
456 2.41106
457 2.41106
458 2.41106
459 2.41106
460 2.41106
461 2.41106
462 2.41106
463 2.41106
464 2.41106
465 2.41106
466 2.41106
467 2.41106
468 2.41106
469 2.41106
470 2.41106
471 2.41106
472 2.41106
473 2.41106
474 2.41106
475 2.41106
476 2.41106
477 2.41106
478 2.41106
479 2.41106
480 2.41106
481 2.41106
482 2.41106
483 2.41106
484 2.41106
485 2.41106
486 2.41106
487 2.41106
488 2.41106
489 2.41106
490 2.41106
491 2.41106
492 2.41106
493 2.41106
494 2.41106
495 2.41106
496 2.41106
497 2.41106
498 2.41106
499 2.41106
500 2.41106
