0 -6.95398e-05 0
1 0.000468479 0.000538018
2 0.000164957 0.000434297
3 0.000138291 0.00030825
4 0.000145618 0.000238881
5 0.000417643 0.000334725
6 0.000428629 0.000283108
7 0.000359906 0.000254628
8 0.000288731 0.00023557
9 0.000207252 0.000225906
10 0.000116317 0.00022366
11 9.34056e-05 0.000205454
12 0.000148031 0.000196727
13 4.1933e-05 0.000210783
14 0.000192345 0.000247244
15 0.000180798 0.000231563
16 0.000144643 0.0002205
17 0.000128154 0.000208542
18 9.72876e-05 0.000199662
19 0.000170718 0.000203151
20 0.000199385 0.00019535
21 0.000183865 0.000186904
22 0.00022172 0.000182561
23 0.0002439 0.00017619
24 0.000233239 0.000169332
25 0.000196225 0.000166846
26 0.000198432 0.000160563
27 0.00020695 0.000154957
28 0.000220858 0.000150164
29 0.000284484 0.000158411
30 0.000244217 0.000158419
31 0.000203546 0.000158689
32 0.000194899 0.000154048
33 0.000195801 0.000149451
34 0.000189051 0.000145275
35 0.000211869 0.000143014
36 0.000165621 0.000146582
37 0.000144316 0.000144255
38 0.00012467 0.000141874
39 0.000113069 0.000138767
40 9.29984e-05 0.000136821
41 0.000101417 0.000133788
42 0.000105576 0.000130706
43 0.000101458 0.000127767
44 8.91009e-05 0.000125506
45 7.58568e-05 0.000123459
46 5.14107e-05 0.000123253
47 5.71618e-05 0.000120795
48 5.99502e-05 0.000118337
49 7.00117e-05 0.000116381
50 6.02554e-05 0.000114493
51 6.4589e-05 0.000112353
52 5.05524e-05 0.000111103
53 3.36441e-05 0.00011033
54 5.73265e-05 0.000110864
55 6.89081e-05 0.000109481
56 5.25976e-05 0.000108773
57 7.03175e-05 0.00010834
58 6.60001e-05 0.000106575
59 6.04296e-05 0.000104932
60 7.01481e-05 0.000103654
61 6.23337e-05 0.000102267
62 5.50746e-05 0.000100892
63 7.23066e-05 0.000100788
64 8.29087e-05 9.97896e-05
65 6.82515e-05 9.93531e-05
66 6.55138e-05 9.78973e-05
67 6.56253e-05 9.6447e-05
68 6.61036e-05 9.50401e-05
69 6.31508e-05 9.37191e-05
70 5.31948e-05 9.29246e-05
71 5.7177e-05 9.17114e-05
72 4.18016e-05 9.17439e-05
73 4.14182e-05 9.04964e-05
74 5.03917e-05 8.97315e-05
75 6.69145e-05 9.00714e-05
76 7.08049e-05 8.8979e-05
77 5.95076e-05 8.85544e-05
78 5.61467e-05 8.74909e-05
79 5.56294e-05 8.63919e-05
80 4.13399e-05 8.6507e-05
81 3.58955e-05 8.56188e-05
82 3.88262e-05 8.46317e-05
83 3.29828e-05 8.3822e-05
84 3.80354e-05 8.2984e-05
85 5.00145e-05 8.28836e-05
86 4.22121e-05 8.22961e-05
87 5.90688e-05 8.30835e-05
88 7.34133e-05 8.33877e-05
89 7.72594e-05 8.25456e-05
90 7.13338e-05 8.18483e-05
91 8.46461e-05 8.2041e-05
92 6.8033e-05 8.2837e-05
93 6.67698e-05 8.19608e-05
94 6.10601e-05 8.12942e-05
95 6.29128e-05 8.04643e-05
96 7.34703e-05 8.03272e-05
97 7.82737e-05 7.96483e-05
98 7.57568e-05 7.88798e-05
99 7.22669e-05 7.8165e-05
