1 43.0475
2 40.1384
3 37.2379
4 34.5489
5 32.0256
6 29.9734
7 27.9881
8 25.9954
9 23.8822
10 22.5249
11 21.3547
12 20.7933
13 20.043
14 19.2773
15 18.9146
16 18.0666
17 17.4662
18 16.8396
19 16.5535
20 16.4173
21 16.275
22 16.014
23 15.9011
24 16.069
25 15.9388
26 15.3428
27 15.0724
28 14.4257
29 14.4334
30 14.2637
31 14.4089
32 14.4165
33 14.2149
34 13.9296
35 13.8139
36 13.6775
37 13.4579
38 13.0595
39 13.2717
40 12.8657
41 13.0017
42 12.3189
43 12.2263
44 11.8646
45 11.8687
46 11.9551
47 11.722
48 11.6356
49 11.4182
50 11.2979
51 11.0661
52 11.109
53 11.1133
54 11.446
55 10.9996
56 10.6907
57 10.2005
58 9.70436
59 9.56177
60 9.58588
61 9.13153
62 8.94136
63 8.84274
64 8.81343
65 8.34552
66 8.46287
67 8.44635
68 8.57693
69 8.70788
70 8.77125
71 9.14478
72 9.46117
73 9.31477
74 9.27986
75 8.69078
76 8.25574
77 8.18525
78 8.41529
79 8.42411
80 8.34264
81 8.41852
82 8.18609
83 8.04923
84 8.00406
85 7.99345
86 8.0335
87 7.82426
88 7.39248
89 7.43201
90 7.90396
91 8.13792
92 8.03106
93 7.92356
94 7.55919
95 7.85625
96 7.90799
97 7.50777
98 7.38269
99 7.21679
100 7.35298
101 7.56879
102 7.18588
103 7.0284
104 7.30158
105 7.47815
106 7.41721
107 7.49063
108 7.3488
109 7.27541
110 7.20183
111 7.06446
112 7.13194
113 7.30067
114 7.66038
115 8.11792
116 8.03218
117 8.22146
118 8.38651
119 8.15248
120 7.98832
121 7.7242
122 7.8102
123 7.79113
124 7.69433
125 7.87553
126 7.77482
127 7.33419
128 7.01281
129 6.87663
130 6.82338
131 6.50947
132 6.70886
133 6.54418
134 6.73895
135 6.99123
136 7.03156
137 6.81915
138 6.53687
139 6.66727
140 6.58235
141 6.30249
142 6.6182
143 6.90993
144 6.66856
145 6.54337
146 6.80833
147 6.65155
148 6.77626
149 6.74666
150 6.61752
151 6.45448
152 6.70569
153 6.7177
154 6.70046
155 6.91196
156 7.45606
157 7.50641
158 7.65283
159 7.30698
160 7.08374
161 7.3001
162 7.47948
163 7.7538
164 7.78633
165 7.49103
166 7.30235
167 7.38279
168 7.25261
169 6.92299
170 6.84672
171 6.87525
172 7.02749
173 7.0594
174 7.10254
175 6.95061
176 6.91134
177 6.82699
178 6.95541
179 6.70132
180 6.63522
181 6.80943
182 7.04602
183 6.86456
184 6.90095
185 6.52232
186 6.55513
187 6.88548
188 6.73372
189 6.61247
190 6.80851
191 6.52795
192 6.86458
193 7.40798
194 7.50284
195 7.36088
196 7.63884
197 7.5767
198 7.44388
199 7.27627
200 6.89789
201 6.67217
202 6.81126
203 7.15049
204 7.29797
205 7.9673
206 7.77965
207 8.17169
208 7.79449
209 7.85819
210 7.76261
211 7.97015
212 7.60641
213 7.58409
214 7.56197
215 7.44688
216 7.14509
217 6.87211
218 6.80803
219 6.88756
220 7.0077
221 6.81524
222 6.66404
223 6.67848
224 6.22437
225 6.60067
226 6.88218
227 7.10246
228 7.218
229 7.24505
230 7.68751
231 7.7985
232 7.7482
233 7.74357
234 7.8862
235 7.50941
236 7.59357
237 7.65634
238 7.18816
239 7.36818
240 7.46212
241 7.56881
242 7.53765
243 7.26582
244 7.5549
245 7.52287
246 7.11353
247 7.12288
248 7.12876
249 7.06453
250 6.83058
251 7.0835
252 6.83774
253 6.89424
254 6.99364
255 6.87956
256 6.84341
257 6.51444
258 6.53249
259 6.82624
260 6.94558
261 6.73623
262 6.86908
263 7.07387
264 6.97428
265 6.74621
266 7.1299
267 6.89517
268 6.73226
269 6.53397
270 6.7928
271 6.82941
272 6.87681
273 6.72241
274 6.6334
275 6.62847
276 6.64094
277 6.87925
278 7.01823
279 7.09958
280 7.10397
281 6.93785
282 6.90538
283 6.66319
284 6.79905
285 6.72151
286 6.78414
287 6.82329
288 6.74039
289 6.64264
290 6.7721
291 6.95444
292 7.1972
293 7.10109
294 7.48746
295 7.17234
296 7.06451
297 6.77473
298 6.80635
299 6.8807
300 7.06298
301 7.59065
302 7.11342
303 7.00143
304 7.03283
305 7.12331
306 7.10692
307 7.24444
308 6.9534
309 6.94999
310 6.9414
311 6.96107
312 6.51976
313 6.66642
314 6.85023
315 6.89713
316 6.51552
317 6.72899
318 6.72378
319 6.57314
320 6.71348
321 6.53772
322 5.95435
323 6.19568
324 6.24921
325 6.74124
326 6.50203
327 7.22187
328 6.7347
329 6.81515
330 6.62947
331 7.53279
332 7.08335
333 6.97773
334 6.81072
335 7.27321
336 6.89279
337 6.94603
338 6.71701
339 6.54253
340 6.67944
341 6.36705
342 6.33468
343 6.5554
344 6.52153
345 6.33866
346 6.29162
347 6.54396
348 6.58049
349 6.99569
350 6.60734
351 6.88808
352 6.88476
353 7.14667
354 6.85839
355 6.85939
356 6.89311
357 7.02119
358 6.85609
359 6.72664
360 6.58733
361 6.52521
362 6.49131
363 6.2919
364 6.34899
365 6.21892
366 6.66683
367 6.64872
368 6.68139
369 6.84415
370 6.75393
371 6.97037
372 6.7742
373 6.50543
374 6.49367
375 6.56434
376 6.67393
377 6.87604
378 6.6844
379 7.45238
380 7.15576
381 6.84955
382 6.86144
383 6.95455
384 7.19538
385 6.92982
386 6.86001
387 6.82904
388 7.07433
389 7.17811
390 7.24804
391 7.28185
392 6.83194
393 6.51011
394 6.86025
395 6.99947
396 7.02894
397 6.75053
398 6.72188
399 6.89514
400 6.89229
401 7.13455
402 7.16112
403 7.1234
404 7.05992
405 6.75898
406 6.68922
407 6.81225
408 6.75838
409 6.73291
410 6.81956
411 6.69332
412 6.75132
413 6.83633
414 7.03791
415 7.14038
416 7.28829
417 7.04174
418 6.87487
419 7.02156
420 7.11781
421 7.08825
422 7.11699
423 6.85759
424 7.06167
425 7.45532
426 7.20548
427 7.19605
428 6.80994
429 6.88762
430 7.04235
431 6.74157
432 6.68366
433 6.96925
434 6.80819
435 6.75183
436 6.87018
437 6.63968
438 6.56988
439 6.65659
440 7.22145
441 6.95166
442 6.72041
443 6.53927
444 6.00979
445 6.30254
446 6.41704
447 7.03526
448 6.94468
449 6.69881
450 6.75117
451 6.57872
452 6.54435
453 6.8303
454 6.99887
455 6.84081
456 6.767
457 6.84028
458 7.18705
459 6.87695
460 7.07252
461 7.29512
462 7.22848
463 6.91426
464 7.32634
465 7.50571
466 7.44322
467 7.38738
468 7.07695
469 6.90285
470 7.0164
471 6.86697
472 7.02939
473 6.95721
474 6.67927
475 6.81777
476 6.42947
477 6.20191
478 6.2148
479 6.47043
480 6.65962
481 6.90807
482 6.70331
483 6.97894
484 6.80566
485 6.96525
486 7.10946
487 7.26765
488 7.04596
489 7.13209
490 7.12046
491 7.24126
492 6.94611
493 7.31646
494 7.10824
495 6.87153
496 6.58724
497 6.76596
498 6.51997
499 6.16846
500 6.38829
