1 43.0475
2 40.1384
3 37.2379
4 34.5489
5 32.0256
6 29.9734
7 27.9881
8 25.9954
9 23.8822
10 22.5249
11 21.3626
12 20.7509
13 19.9782
14 19.2963
15 18.7633
16 18.0607
17 17.3882
18 16.6432
19 16.2858
20 16.0283
21 15.7721
22 15.4968
23 15.125
24 14.9469
25 14.8175
26 14.2548
27 14.02
28 13.3592
29 13.1581
30 13.0579
31 12.9119
32 12.6299
33 12.4929
34 12.298
35 12.0991
36 12.0492
37 11.8322
38 11.5346
39 11.7734
40 11.4712
41 11.5591
42 11.022
43 11.1041
44 10.919
45 10.805
46 10.8971
47 10.5567
48 10.4422
49 10.0445
50 9.62473
51 9.40724
52 9.36981
53 9.14313
54 9.42772
55 9.21655
56 8.97722
57 8.72684
58 8.43042
59 8.51995
60 8.79597
61 8.36574
62 8.31798
63 8.46966
64 8.44602
65 8.00341
66 8.02093
67 7.84709
68 7.97526
69 8.04378
70 8.14695
71 8.49414
72 8.80861
73 8.79615
74 8.80251
75 8.26691
76 7.81387
77 7.61318
78 7.7784
79 7.84988
80 7.56087
81 7.80392
82 7.58319
83 7.61052
84 7.71785
85 7.93543
86 8.07084
87 7.77237
88 7.77516
89 7.60875
90 7.79549
91 7.87263
92 7.88909
93 7.8213
94 7.30641
95 7.72066
96 7.54813
97 7.10514
98 6.87589
99 6.85855
100 6.93099
101 7.13414
102 6.81818
103 6.70584
104 6.92821
105 7.08278
106 7.16875
107 7.21057
108 7.01255
109 6.98916
110 6.8327
111 6.83865
112 6.89931
113 6.92457
114 7.14887
115 7.54489
116 7.50922
117 7.51411
118 7.56486
119 7.30671
120 7.18811
121 7.17878
122 7.34354
123 7.52005
124 7.7032
125 8.13777
126 8.19709
127 8.05834
128 7.93074
129 7.80391
130 7.94183
131 7.6429
132 7.93368
133 7.84538
134 8.04219
135 8.51366
136 8.39296
137 7.93605
138 7.45435
139 7.41724
140 7.01023
141 6.68653
142 7.05857
143 7.30098
144 7.08388
145 6.86597
146 7.0617
147 6.79247
148 7.01266
149 7.06968
150 6.79466
151 6.70884
152 6.82835
153 6.85007
154 6.62713
155 6.83343
156 7.1867
157 7.08364
158 7.1668
159 6.83685
160 6.51292
161 6.70222
162 6.90403
163 7.29616
164 7.37788
165 7.02661
166 6.85362
167 6.84559
168 6.80438
169 6.58535
170 6.57582
171 6.58206
172 6.7366
173 6.70343
174 6.76775
175 6.74262
176 6.82327
177 6.62947
178 6.8135
179 6.57959
180 6.60719
181 6.76392
182 6.93314
183 6.81848
184 6.78691
185 6.56544
186 6.59526
187 6.97086
188 6.95158
189 6.75118
190 6.91784
191 6.61135
192 6.84491
193 7.39238
194 7.41375
195 7.29666
196 7.63888
197 7.51373
198 7.36483
199 7.39867
200 6.90497
201 6.66266
202 6.92288
203 7.05786
204 6.96374
205 7.4044
206 6.97361
207 7.12155
208 6.60563
209 6.63323
210 6.70432
211 7.00815
212 6.92417
213 7.11481
214 7.11855
215 7.22305
216 7.01411
217 6.94835
218 6.78109
219 6.94785
220 7.17948
221 7.0295
222 6.9395
223 6.88597
224 6.62647
225 6.90341
226 7.06602
227 7.16128
228 7.13373
229 6.88637
230 6.98361
231 6.97522
232 6.80302
233 6.91467
234 7.18036
235 6.79307
236 6.88559
237 6.89333
238 6.67418
239 6.85509
240 6.82719
241 6.91712
242 7.18142
243 6.7934
244 7.13662
245 7.22659
246 6.75422
247 6.7064
248 6.87959
249 6.71163
250 6.49377
251 6.75338
252 6.48645
253 6.75979
254 6.85745
255 6.87089
256 6.80942
257 6.52782
258 6.46413
259 6.80583
260 6.95437
261 6.89699
262 6.91073
263 6.99154
264 6.9286
265 6.88401
266 7.12692
267 6.90531
268 6.78012
269 6.57793
270 6.83767
271 6.7402
272 6.71793
273 6.74408
274 6.45425
275 6.51149
276 6.78592
277 7.10572
278 7.20263
279 7.16861
280 7.14385
281 7.03888
282 6.95956
283 6.83596
284 6.87666
285 6.78831
286 6.83206
287 6.83067
288 6.7801
289 6.85876
290 6.91947
291 7.18033
292 7.28841
293 7.26385
294 7.5597
295 7.18138
296 7.13627
297 7.01564
298 7.04106
299 7.01721
300 7.26438
301 7.69714
302 7.29909
303 7.133
304 7.06369
305 7.18587
306 6.95829
307 7.17272
308 7.03236
309 7.15643
310 6.98916
311 7.05233
312 6.63408
313 6.70979
314 6.86924
315 7.01578
316 6.73833
317 6.78024
318 6.75034
319 6.5428
320 6.77614
321 6.63383
322 6.08
323 6.37275
324 6.4629
325 6.77993
326 6.53661
327 7.07316
328 6.60489
329 6.76016
330 6.54905
331 7.32175
332 6.9038
333 6.80074
334 6.63775
335 6.99053
336 6.73304
337 6.86985
338 6.85375
339 6.7513
340 6.79026
341 6.36539
342 6.35566
343 6.53952
344 6.5155
345 6.58282
346 6.68268
347 7.2122
348 7.58087
349 8.01256
350 7.61089
351 7.92119
352 7.84429
353 7.92176
354 7.41873
355 7.23028
356 7.19041
357 7.3467
358 7.14117
359 6.98367
360 6.79577
361 6.66944
362 6.6209
363 6.4168
364 6.56665
365 6.40853
366 6.72164
367 6.67541
368 6.61435
369 6.75111
370 6.57803
371 6.85743
372 6.63018
373 6.47384
374 6.43042
375 6.58668
376 6.65281
377 6.96201
378 6.72865
379 7.29014
380 7.19934
381 6.92188
382 6.81236
383 6.9945
384 7.18463
385 6.79714
386 6.72909
387 6.63379
388 6.83757
389 6.96073
390 6.99621
391 7.12906
392 6.83278
393 6.50903
394 6.84627
395 7.04344
396 7.13281
397 6.71279
398 6.69685
399 6.77715
400 6.83374
401 7.08777
402 7.26913
403 7.16594
404 7.15874
405 6.82608
406 6.70507
407 6.71712
408 6.75293
409 6.78981
410 6.81169
411 6.79969
412 6.81409
413 6.77993
414 6.94161
415 6.94578
416 7.08324
417 6.90957
418 6.78539
419 6.88804
420 6.88037
421 6.90737
422 6.94306
423 6.70559
424 6.96883
425 7.40651
426 7.16746
427 7.22113
428 6.86064
429 6.88877
430 7.04866
431 6.86682
432 6.77101
433 6.91204
434 6.71399
435 6.64664
436 6.77351
437 6.5059
438 6.56468
439 6.52604
440 7.11967
441 6.90331
442 6.8737
443 6.72912
444 6.10618
445 6.33282
446 6.44645
447 7.04505
448 6.96582
449 6.70761
450 6.87527
451 6.74616
452 6.65068
453 6.87182
454 7.01828
455 6.94043
456 6.86686
457 7.0059
458 7.23219
459 7.02232
460 7.29688
461 7.38627
462 7.15971
463 6.85982
464 7.20952
465 7.32492
466 7.4512
467 7.43105
468 7.08636
469 6.91946
470 6.98388
471 6.76144
472 6.86483
473 6.94766
474 6.66527
475 6.78572
476 6.53308
477 6.27067
478 6.15312
479 6.41861
480 6.8063
481 7.06699
482 6.90096
483 7.17001
484 6.96434
485 6.95639
486 7.05232
487 7.16182
488 7.02824
489 7.22228
490 7.09402
491 7.19527
492 6.91273
493 7.10651
494 6.91046
495 6.80278
496 6.55943
497 6.79934
498 6.59402
499 6.22484
500 6.30659
