1 44.3864
2 41.5637
3 38.8611
4 36.0317
5 34.0399
6 32.0716
7 29.6753
8 27.6414
9 25.9304
10 24.499
11 23.1673
12 21.9598
13 20.8196
14 20.5878
15 20.2298
16 19.4962
17 19.0011
18 19.0034
19 18.3606
20 17.8164
21 17.698
22 17.4769
23 17.1766
24 16.5075
25 16.0416
26 16.0958
27 15.8017
28 15.6398
29 15.1402
30 14.9909
31 15.0777
32 14.9398
33 14.9538
34 14.71
35 14.4469
36 13.9302
37 13.3702
38 12.8741
39 12.7301
40 12.9277
41 12.6354
42 12.5887
43 12.4958
44 12.3031
45 11.6698
46 11.6714
47 11.9312
48 11.574
49 11.3896
50 10.8803
51 10.859
52 10.749
53 10.8525
54 10.6972
55 10.185
56 10.0094
57 10.1376
58 9.92117
59 10.0854
60 10.2271
61 9.69023
62 9.5858
63 9.66949
64 9.56468
65 9.28275
66 9.1194
67 8.97125
68 9.0631
69 8.89553
70 8.97615
71 8.57666
72 8.59926
73 8.37693
74 8.16856
75 8.20586
76 8.28314
77 8.18972
78 8.34234
79 8.4982
80 8.3603
81 8.42178
82 8.40625
83 8.22202
84 8.14267
85 7.95847
86 8.21061
87 8.26688
88 8.17115
89 8.35732
90 8.42337
91 8.46636
92 8.96488
93 8.86656
94 8.96582
95 9.02354
96 8.72684
97 8.67979
98 8.65889
99 8.46414
100 8.24961
101 8.16415
102 7.95038
103 7.79724
104 7.93546
105 8.58809
106 8.23166
107 8.08311
108 7.74443
109 7.30085
110 7.47903
111 7.52496
112 7.55486
113 7.46359
114 7.41699
115 7.66931
116 7.64148
117 7.7788
118 7.69093
119 7.66804
120 7.5082
121 7.53213
122 7.6147
123 6.99891
124 7.50892
125 7.55761
126 7.60287
127 7.58648
128 7.2847
129 7.14418
130 7.14626
131 7.17082
132 7.27937
133 7.28908
134 7.12394
135 6.84257
136 6.89675
137 6.55179
138 6.72459
139 6.75383
140 6.98527
141 6.93065
142 6.89224
143 6.92448
144 7.41185
145 7.2843
146 7.15896
147 6.73251
148 6.79305
149 6.76607
150 6.79126
151 7.08677
152 6.82404
153 6.65117
154 6.53685
155 6.67512
156 6.63148
157 6.79306
158 6.82638
159 6.99198
160 6.61568
161 6.87884
162 6.85795
163 7.02557
164 7.24759
165 7.11209
166 7.35893
167 7.5498
168 7.63114
169 7.38649
170 7.28674
171 7.32195
172 6.92064
173 6.83105
174 6.99835
175 7.19702
176 7.0443
177 6.68516
178 6.67556
179 6.70638
180 6.73412
181 6.84551
182 6.67741
183 6.75404
184 6.66228
185 6.81495
186 6.445
187 6.38938
188 6.21921
189 6.43244
190 6.67623
191 6.4481
192 6.61425
193 6.68089
194 6.87282
195 6.99903
196 6.85407
197 7.07805
198 7.04059
199 7.03655
200 6.78182
201 6.77692
202 7.22684
203 6.76418
204 6.90032
205 7.14436
206 7.09698
207 7.42601
208 7.44427
209 7.18854
210 6.88151
211 6.88073
212 6.72312
213 6.77907
214 6.9126
215 6.81025
216 6.65766
217 6.7106
218 7.10837
219 6.99805
220 6.74525
221 6.53082
222 6.47349
223 6.70308
224 6.74622
225 6.60054
226 6.35753
227 6.47711
228 6.37431
229 6.58954
230 6.57154
231 6.69614
232 6.98464
233 7.66182
234 7.53415
235 7.40579
236 7.57225
237 7.27595
238 7.37183
239 7.2261
240 7.28873
241 7.02495
242 7.23652
243 7.34683
244 7.44839
245 7.35824
246 7.38051
247 7.25274
248 6.8456
249 6.58464
250 6.43426
251 6.24132
252 6.66037
253 6.76743
254 6.83461
255 6.82645
256 6.72051
257 7.10427
258 6.76742
259 6.80202
260 6.72998
261 6.58421
262 6.82419
263 6.91044
264 7.26841
265 7.38166
266 7.79146
267 7.941
268 8.05467
269 7.73119
270 7.85373
271 7.60804
272 7.5616
273 7.17486
274 6.7217
275 6.57462
276 7.09346
277 6.98883
278 7.11883
279 7.09706
280 7.35794
281 7.27044
282 6.89609
283 6.82577
284 6.64041
285 6.33524
286 6.26131
287 6.65295
288 7.11104
289 7.24772
290 7.21076
291 7.03263
292 6.96479
293 6.65911
294 6.68445
295 6.57047
296 6.68505
297 6.53093
298 6.69942
299 6.7848
300 7.35027
301 7.19954
302 7.15728
303 6.70488
304 7.00619
305 7.02852
306 6.90442
307 6.82196
308 6.66202
309 6.9419
310 6.82568
311 6.57552
312 6.54199
313 6.58839
314 6.78087
315 6.81038
316 6.8582
317 6.88999
318 6.89056
319 6.73314
320 6.75615
321 6.83407
322 6.8553
323 6.80118
324 6.92927
325 6.69493
326 6.91952
327 6.97969
328 6.83628
329 6.8745
330 7.0043
331 6.76194
332 6.97278
333 7.07698
334 7.20224
335 6.64294
336 6.66291
337 6.47509
338 6.56199
339 6.4879
340 6.21456
341 5.9681
342 6.25329
343 6.43704
344 6.75894
345 7.02297
346 7.24668
347 7.37341
348 7.19811
349 7.2968
350 7.0958
351 6.97971
352 6.87748
353 6.99372
354 7.10428
355 7.45804
356 7.37957
357 7.266
358 7.08775
359 7.12493
360 7.19118
361 6.88153
362 6.83722
363 6.57179
364 6.98882
365 6.6262
366 6.93617
367 7.13084
368 6.91512
369 6.95233
370 7.45343
371 7.56862
372 7.47252
373 7.42109
374 7.53533
375 6.96904
376 6.83316
377 6.66508
378 6.5852
379 6.76273
380 6.81439
381 7.06287
382 6.94649
383 6.76081
384 6.79861
385 6.6652
386 6.65572
387 6.59608
388 6.69731
389 6.86433
390 7.0235
391 7.03168
392 6.79862
393 6.84374
394 6.88341
395 7.4429
396 7.54472
397 7.62062
398 7.68679
399 7.30111
400 7.37574
401 7.16871
402 7.23034
403 7.04143
404 7.26557
405 7.10066
406 7.04646
407 7.2311
408 7.31519
409 7.58382
410 7.15249
411 7.03052
412 7.06898
413 7.1925
414 7.11
415 7.05094
416 7.23174
417 7.30074
418 7.3825
419 7.2414
420 7.02481
421 7.12822
422 6.97622
423 6.69678
424 7.07667
425 7.29802
426 6.90649
427 6.6459
428 7.00277
429 6.73652
430 7.01885
431 6.94913
432 6.95407
433 6.77475
434 7.05885
435 7.10341
436 6.79203
437 6.44477
438 6.52209
439 6.48748
440 6.71155
441 6.95512
442 6.76176
443 6.70161
444 6.83414
445 6.68298
446 6.79051
447 7.04018
448 7.00423
449 6.81603
450 6.9465
451 6.98935
452 6.9045
453 6.96709
454 7.02186
455 7.27215
456 6.60849
457 7.06187
458 7.19911
459 7.03853
460 7.25862
461 6.95007
462 6.79427
463 6.95404
464 7.03001
465 6.89198
466 6.7729
467 7.03709
468 6.79639
469 7.14859
470 7.43616
471 7.36444
472 6.96725
473 7.07226
474 7.02425
475 6.64028
476 6.76706
477 6.77181
478 6.59156
479 6.65537
480 6.7493
481 6.58651
482 6.79696
483 6.67953
484 6.35106
485 6.52917
486 6.5948
487 6.51585
488 6.42001
489 6.39817
490 6.54078
491 7.04003
492 6.85499
493 6.98352
494 6.97985
495 6.98391
496 6.94128
497 6.96505
498 6.90265
499 6.85876
500 7.1302
