1 42.745
2 40.47
3 37.6747
4 35.0193
5 33.1418
6 31.0357
7 29.7402
8 28.9008
9 27.7012
10 26.4559
11 25.628
12 24.7605
13 24.2896
14 23.5022
15 22.7589
16 21.1721
17 20.084
18 19.7973
19 18.9403
20 17.9024
21 17.2667
22 16.7139
23 16.411
24 15.9346
25 15.5854
26 15.093
27 14.4717
28 14.0593
29 13.657
30 12.6895
31 12.7157
32 12.1523
33 12.0707
34 11.9768
35 11.5914
36 11.3189
37 11.4096
38 11.4269
39 11.0827
40 10.8773
41 10.8287
42 10.9138
43 10.9941
44 11.1591
45 10.9789
46 11.0746
47 11.0536
48 11.0647
49 11.0707
50 10.781
51 10.6258
52 10.253
53 10.354
54 10.2781
55 9.72183
56 9.74053
57 9.80311
58 9.84371
59 9.72488
60 9.86539
61 10.1238
62 10.088
63 10.4837
64 10.1663
65 10.1548
66 9.75864
67 9.48071
68 9.38551
69 9.25728
70 9.20832
71 9.00593
72 8.52061
73 8.46956
74 8.5727
75 8.59191
76 8.47448
77 8.28234
78 8.38863
79 8.30585
80 8.48593
81 8.51292
82 8.57798
83 8.6254
84 8.22055
85 8.63055
86 8.33462
87 8.65172
88 8.17333
89 8.19389
90 7.81042
91 7.70218
92 7.77321
93 7.64779
94 8.11323
95 8.05671
96 7.44703
97 7.32655
98 7.2067
99 7.35539
100 7.56411
101 6.99166
102 7.02275
103 6.84668
104 6.87615
105 7.11695
106 7.26986
107 7.24501
108 7.12055
109 7.00747
110 6.76044
111 6.81472
112 7.10284
113 6.96915
114 6.89554
115 7.06556
116 6.7799
117 6.95666
118 6.79506
119 7.13715
120 6.84745
121 6.83121
122 6.79809
123 6.87435
124 7.12903
125 6.79888
126 6.63095
127 6.61343
128 6.73139
129 6.95214
130 6.82553
131 7.32196
132 7.02216
133 6.88769
134 6.81235
135 6.86413
136 6.7674
137 6.53081
138 6.35312
139 6.65286
140 6.50468
141 6.26039
142 6.33198
143 6.6792
144 6.61424
145 7.00451
146 7.24523
147 7.00037
148 6.82607
149 6.71061
150 6.32822
151 6.66868
152 6.77726
153 7.02554
154 6.87814
155 6.71922
156 7.22627
157 7.66849
158 7.61863
159 7.54044
160 7.62683
161 7.45009
162 7.52401
163 7.57409
164 7.62309
165 7.44206
166 7.57738
167 7.47714
168 8.02136
169 7.67406
170 7.70957
171 7.73567
172 7.03208
173 6.92831
174 7.28188
175 7.06342
176 6.90621
177 7.10926
178 6.7531
179 6.47639
180 6.56949
181 6.6403
182 6.51672
183 6.32006
184 6.49082
185 6.64349
186 6.59875
187 6.86063
188 6.52355
189 6.79106
190 6.4814
191 6.15675
192 6.56013
193 6.80463
194 6.90112
195 7.21508
196 7.30835
197 7.08359
198 6.91344
199 6.37045
200 6.49108
201 6.81502
202 6.71793
203 7.21198
204 7.19014
205 6.96171
206 6.9727
207 6.89758
208 6.92766
209 6.37408
210 6.49262
211 6.39531
212 6.56323
213 6.70322
214 6.62455
215 6.60996
216 6.43753
217 6.26425
218 6.24235
219 6.55441
220 6.43419
221 6.41204
222 6.54386
223 6.41247
224 6.21446
225 6.40036
226 6.65022
227 6.392
228 6.16487
229 6.38918
230 6.67992
231 6.55585
232 6.40211
233 6.32644
234 6.67734
235 6.552
236 6.62515
237 6.32614
238 6.44884
239 6.44196
240 6.36317
241 6.45399
242 6.60487
243 6.41371
244 6.25694
245 6.57893
246 6.78851
247 6.95965
248 7.18759
249 7.54294
250 7.91929
251 7.90292
252 7.85281
253 7.70333
254 8.00693
255 7.70914
256 7.37144
257 6.83299
258 7.32076
259 6.97922
260 6.63631
261 6.4173
262 6.35673
263 6.93388
264 7.13752
265 7.54795
266 7.65882
267 7.41956
268 7.21827
269 7.15898
270 6.75766
271 6.80674
272 6.79462
273 6.94988
274 6.70194
275 6.65149
276 6.43078
277 6.5979
278 6.76512
279 7.30246
280 7.38719
281 7.38043
282 7.25855
283 7.11471
284 6.38909
285 6.64964
286 6.75107
287 6.70513
288 6.60628
289 6.43487
290 6.74804
291 6.81677
292 6.80266
293 6.95029
294 6.94383
295 6.98156
296 6.77152
297 6.75763
298 6.60802
299 6.17957
300 6.58505
301 6.93394
302 6.83914
303 7.08099
304 6.83933
305 6.78167
306 6.87202
307 6.84595
308 6.81069
309 6.73915
310 6.70136
311 6.60045
312 6.87603
313 6.94687
314 7.13671
315 6.82154
316 6.78083
317 7.06528
318 6.91446
319 7.18237
320 7.20287
321 7.08364
322 6.9668
323 7.0993
324 7.13113
325 7.29671
326 6.80329
327 6.83894
328 6.64383
329 6.71406
330 7.19991
331 6.98493
332 6.97612
333 6.79705
334 7.01039
335 6.86211
336 7.03212
337 6.88312
338 6.85254
339 6.81952
340 6.65752
341 6.82756
342 6.67537
343 6.63858
344 6.6505
345 6.65809
346 6.82592
347 7.03369
348 6.89096
349 7.05417
350 6.99529
351 6.74205
352 6.80267
353 6.82214
354 6.55568
355 6.7283
356 6.48617
357 6.51695
358 6.52047
359 6.38699
360 6.44887
361 6.67806
362 6.48198
363 6.58547
364 6.89111
365 6.84464
366 7.2472
367 6.9309
368 6.83443
369 6.61952
370 6.77233
371 7.03321
372 6.90323
373 6.9753
374 6.96297
375 7.16307
376 7.51989
377 7.42191
378 7.2468
379 6.62419
380 6.42052
381 6.92649
382 6.65672
383 6.89767
384 6.79806
385 6.81846
386 6.86106
387 6.5267
388 6.94284
389 6.67384
390 6.44855
391 6.48339
392 6.63318
393 6.61029
394 6.43584
395 6.43853
396 6.38362
397 6.96011
398 6.85404
399 7.33451
400 7.12712
401 7.14854
402 6.97081
403 6.75395
404 6.61967
405 6.87336
406 6.67513
407 6.9657
408 6.73361
409 6.63076
410 6.5644
411 6.96375
412 7.25548
413 7.13434
414 7.39486
415 7.29328
416 6.86937
417 6.69604
418 6.68743
419 6.81588
420 7.13601
421 7.27465
422 7.53923
423 7.47087
424 7.55167
425 6.65226
426 6.43087
427 6.34645
428 6.35746
429 6.45787
430 6.54695
431 6.52083
432 6.6058
433 6.65115
434 7.10997
435 7.22891
436 7.29683
437 6.8753
438 7.2919
439 7.2912
440 7.1646
441 6.97811
442 7.05802
443 6.70007
444 6.82837
445 6.81241
446 6.94496
447 6.95494
448 7.08909
449 7.17867
450 6.48326
451 6.69361
452 6.39764
453 6.25173
454 6.41474
455 6.77164
456 6.61215
457 6.9063
458 7.01148
459 7.24225
460 6.67014
461 6.49943
462 6.61451
463 6.81025
464 6.60216
465 6.31214
466 6.20258
467 6.52275
468 6.20597
469 6.42464
470 6.65065
471 6.32399
472 6.62359
473 6.86318
474 6.51367
475 6.53066
476 6.54888
477 6.67937
478 6.4303
479 6.3559
480 6.34048
481 6.44964
482 6.67015
483 6.84115
484 7.16785
485 7.41605
486 7.26877
487 7.00662
488 6.80297
489 6.54968
490 6.88208
491 7.01851
492 7.20433
493 7.12693
494 7.05058
495 7.21203
496 7.46548
497 7.83103
498 7.81944
499 7.3244
500 7.1936
