1 32.6319
2 27.3356
3 25.4952
4 23.9714
5 21.5081
6 18.3254
7 18.3254
8 17.3235
9 16.8406
10 15.938
11 14.3504
12 13.3863
13 13.3863
14 13.3167
15 12.9403
16 12.9403
17 12.7026
18 11.3375
19 11.1901
20 11.056
21 10.8986
22 10.8418
23 10.8418
24 10.6385
25 10.5258
26 10.3788
27 10.2704
28 10.0655
29 9.87121
30 9.87121
31 9.80226
32 9.80226
33 9.20843
34 9.20843
35 9.20843
36 8.65316
37 8.65316
38 8.65316
39 8.59051
40 8.57015
41 8.51902
42 8.28999
43 8.28999
44 8.2185
45 8.2185
46 7.88863
47 7.88863
48 7.73939
49 7.73939
50 7.56262
51 6.4626
52 6.4626
53 6.44112
54 6.14704
55 6.14704
56 6.14704
57 5.93274
58 5.93274
59 5.90489
60 5.87104
61 5.87104
62 5.87104
63 5.87104
64 5.55254
65 5.55254
66 5.54089
67 5.54089
68 5.54089
69 5.32987
70 5.28593
71 5.28593
72 5.28593
73 5.09469
74 5.09469
75 5.09469
76 5.08311
77 5.07863
78 5.05576
79 5.05576
80 5.05576
81 5.05576
82 5.05576
83 5.05576
84 5.02025
85 5.02025
86 4.98131
87 4.9574
88 4.9574
89 4.9574
90 4.9574
91 4.75459
92 4.75459
93 4.60575
94 4.60575
95 4.60575
96 4.60575
97 4.60575
98 4.60575
99 4.60575
100 4.60575
101 4.60575
102 4.60575
103 4.60575
104 4.60575
105 4.59322
106 4.59322
107 4.59322
108 4.59322
109 4.31588
110 4.31588
111 4.28001
112 4.28001
113 4.27474
114 4.27474
115 4.27474
116 4.27474
117 4.27474
118 4.26353
119 4.26353
120 4.1906
121 4.1906
122 4.1906
123 4.1906
124 4.1906
125 4.1906
126 4.1906
127 4.1906
128 4.1906
129 4.1906
130 4.1906
131 4.1906
132 4.1906
133 4.1906
134 4.1906
135 4.1906
136 4.1906
137 4.1906
138 4.1906
139 4.1906
140 4.1906
141 4.1906
142 4.1906
143 4.1906
144 4.1906
145 4.1906
146 4.1906
147 4.1906
148 4.1906
149 4.1906
150 4.1906
151 4.18124
152 4.18124
153 4.18124
154 4.18124
155 4.18124
156 4.18124
157 4.18124
158 4.18124
159 4.18124
160 4.18124
161 4.18124
162 4.18124
163 4.18124
164 4.18124
165 4.18124
166 4.18124
167 4.18124
168 4.18124
169 4.18124
170 4.18124
171 4.18124
172 4.18124
173 4.18124
174 4.18124
175 4.18124
176 4.18124
177 4.18124
178 4.18124
179 4.18124
180 4.18124
181 4.18124
182 4.18124
183 4.18124
184 4.18124
185 4.18124
186 4.18124
187 4.18124
188 4.18124
189 4.18124
190 4.18124
191 4.18124
192 4.18124
193 4.18124
194 4.18124
195 4.18124
196 4.18124
197 4.18124
198 4.18124
199 4.18124
200 4.18124
201 4.08027
202 4.08027
203 4.08027
204 4.08027
205 4.08027
206 4.08027
207 4.08027
208 4.08027
209 4.08027
210 4.08027
211 4.08027
212 4.08027
213 4.08027
214 4.08027
215 4.08027
216 4.08027
217 4.08027
218 4.08027
219 4.08027
220 4.08027
221 4.08027
222 4.08027
223 4.08027
224 4.08027
225 4.08027
226 4.08027
227 4.08027
228 4.08027
229 4.08027
230 4.08027
231 4.08027
232 4.08027
233 4.08027
234 4.08027
235 4.08027
236 4.07434
237 4.07434
238 4.07434
239 4.07434
240 4.07434
241 4.07434
242 4.07434
243 4.07434
244 4.07434
245 4.07434
246 4.07434
247 4.07434
248 4.07434
249 4.07434
250 4.07434
251 4.07434
252 4.07434
253 4.07434
254 4.07434
255 4.07434
256 4.07434
257 4.07434
258 4.07434
259 4.07434
260 4.07434
261 4.07434
262 4.07434
263 4.07434
264 4.07434
265 4.07434
266 4.07434
267 4.07434
268 4.07434
269 4.07434
270 4.07434
271 4.07434
272 4.07434
273 4.07434
274 4.07434
275 4.07434
276 4.07434
277 4.07434
278 4.07434
279 4.07434
280 4.07434
281 4.07434
282 4.07434
283 4.07434
284 4.07434
285 4.07434
286 4.07434
287 4.07434
288 4.07434
289 4.07434
290 4.07434
291 4.07434
292 4.07434
293 4.07434
294 4.07434
295 4.07434
296 4.07434
297 4.07434
298 4.07434
299 4.07434
300 4.07434
301 4.07434
302 4.07434
303 4.07434
304 4.07434
305 4.07434
306 4.07434
307 4.07434
308 4.07434
309 4.07434
310 4.07434
311 4.07434
312 4.07434
313 4.07434
314 4.07434
315 4.07434
316 4.07434
317 4.07434
318 4.07434
319 4.07434
320 4.07434
321 4.07434
322 4.07434
323 4.07434
324 4.07434
325 4.07434
326 4.07434
327 4.07434
328 4.07434
329 4.07434
330 4.07434
331 4.07434
332 4.07434
333 4.07434
334 4.07434
335 4.07434
336 4.07434
337 4.07434
338 4.07434
339 4.07434
340 4.07434
341 4.07434
342 4.07434
343 4.07434
344 4.07434
345 4.07434
346 4.07434
347 4.07434
348 4.07434
349 4.07434
350 4.07434
351 4.07434
352 4.07434
353 4.07434
354 4.07434
355 4.07434
356 4.07434
357 4.07434
358 4.07434
359 4.07434
360 4.07434
361 4.07434
362 4.07434
363 4.07434
364 4.07434
365 4.07434
366 4.07434
367 4.07434
368 4.07434
369 4.07434
370 4.07434
371 4.07434
372 4.07434
373 4.07434
374 4.07434
375 4.07434
376 4.07434
377 4.07434
378 4.07434
379 4.07434
380 4.07434
381 4.07434
382 4.07434
383 4.07434
384 4.07434
385 4.07434
386 4.07434
387 4.07434
388 4.07434
389 4.07434
390 4.07434
391 4.07434
392 4.07434
393 4.07434
394 4.07434
395 4.07434
396 4.07434
397 4.07434
398 4.07434
399 4.07434
400 4.07434
401 4.07434
402 4.07434
403 4.07434
404 4.07434
405 4.07434
406 4.07434
407 4.07434
408 4.07434
409 4.07434
410 4.07434
411 4.07434
412 4.07434
413 4.07434
414 4.07434
415 4.07434
416 4.07434
417 4.07434
418 4.07434
419 4.07434
420 4.07434
421 4.07434
422 4.07434
423 4.07434
424 4.07434
425 4.07434
426 4.07434
427 4.07434
428 4.07434
429 4.07434
430 4.07434
431 4.07434
432 4.07434
433 4.07434
434 4.07434
435 4.07434
436 4.07434
437 4.07434
438 4.07434
439 4.07434
440 4.07434
441 4.07434
442 4.07434
443 4.07434
444 4.07434
445 4.07434
446 4.07434
447 4.07434
448 4.07434
449 4.07434
450 4.07434
451 4.07434
452 4.07434
453 4.07434
454 4.07434
455 4.07434
456 4.07434
457 4.07434
458 4.07434
459 4.07434
460 4.07434
461 4.07434
462 4.07434
463 4.07434
464 4.07434
465 4.07434
466 4.07434
467 4.07434
468 4.07434
469 4.07434
470 4.07434
471 4.07434
472 4.07434
473 4.07434
474 4.07434
475 4.07434
476 4.07434
477 4.07434
478 4.07434
479 4.07434
480 4.07434
481 4.07434
482 4.07434
483 4.07434
484 4.07434
485 4.07434
486 4.07434
487 4.07434
488 4.07434
489 4.07434
490 4.07434
491 4.07434
492 4.07434
493 4.07434
494 4.07434
495 4.07434
496 4.07434
497 4.07434
498 4.07434
499 4.07434
500 4.07434
