           1  -0.0355932  -0.0355932           0
           2  -0.0359448   -0.035769 0.000124328
           3  -0.0362538  -0.0359306 0.000155811
           4  -0.0366111  -0.0361007 0.000188057
           5  -0.0370466  -0.0362899 0.000226409
           6  -0.0373416  -0.0364652 0.000247389
           7  -0.0376674  -0.0366369 0.000265043
           8  -0.0384451  -0.0368629  0.00031382
           9  -0.0393132  -0.0371352 0.000379076
          10  -0.0395689  -0.0373786  0.00041195
          11  -0.0401906  -0.0376342 0.000446835
          12  -0.0407094  -0.0378905 0.000477461
          13  -0.0412411  -0.0381482 0.000505537
          14  -0.0418264  -0.0384109 0.000533345
          15  -0.0423818  -0.0386757 0.000559642
          16   -0.042797  -0.0389332 0.000580925
          17  -0.0432949  -0.0391898 0.000600744
          18  -0.0434303  -0.0394254 0.000611821
          19   -0.044235  -0.0396785 0.000629813
          20  -0.0456526  -0.0399772 0.000665396
          21   -0.046201  -0.0402736 0.000696592
          22  -0.0468456  -0.0405723 0.000726162
          23  -0.0468749  -0.0408464 0.000744499
          24  -0.0478006  -0.0411361 0.000767799
          25  -0.0486453  -0.0414365 0.000793668
          26  -0.0502818  -0.0417767  0.00083287
          27  -0.0511751  -0.0421248 0.000871734
          28  -0.0513699   -0.042455 0.000900964
          29  -0.0520424  -0.0427856 0.000928573
          30  -0.0540193    -0.04316  0.00097019
          31  -0.0542347  -0.0435173  0.00100251
          32  -0.0546734  -0.0438659  0.00103002
          33  -0.0565369  -0.0442499  0.00106798
          34  -0.0603318  -0.0447229  0.00113649
          35  -0.0626154  -0.0452341  0.00121357
          36  -0.0665137  -0.0458252  0.00131596
          37  -0.0667956  -0.0463919  0.00139712
          38  -0.0662732  -0.0469151  0.00145503
          39  -0.0692208  -0.0474871  0.00152599
          40  -0.0719114  -0.0480977  0.00160536
          41  -0.0733224  -0.0487129  0.00167997
          42  -0.0769744  -0.0493858   0.0017696
          43  -0.0788843  -0.0500718  0.00185667
          44  -0.0796882  -0.0507449  0.00193263
          45  -0.0869473  -0.0515494   0.0020503
          46  -0.0866411  -0.0523123  0.00214296
          47  -0.0844456   -0.052996  0.00220373
          48  -0.0851498  -0.0536658  0.00225733
          49  -0.0829574  -0.0542636  0.00228905
          50  -0.0841842   -0.054862  0.00232017
          51  -0.0859159  -0.0554709  0.00235322
          52  -0.0869874   -0.056077  0.00238474
          53  -0.0889874   -0.056698  0.00241924
          54  -0.0924944  -0.0573609  0.00246358
          55  -0.0903806  -0.0579612  0.00249087
          56  -0.0920306  -0.0585696  0.00251959
          57  -0.0880162  -0.0590862  0.00252779
          58   -0.090125  -0.0596214  0.00254023
          59  -0.0864634  -0.0600763  0.00253758
          60  -0.0863356   -0.060514  0.00253275
          61  -0.0920114  -0.0610303  0.00254332
          62  -0.0924993  -0.0615379  0.00255244
          63  -0.0898627  -0.0619875  0.00255122
          64  -0.0883049  -0.0623987  0.00254428
          65  -0.0931665  -0.0628721  0.00254879
          66  -0.0930649  -0.0633295  0.00255089
          67  -0.0960425  -0.0638178  0.00255912
          68  -0.0908744  -0.0642157  0.00255223
          69  -0.0973433  -0.0646958     0.00256
          70  -0.0959819  -0.0651427  0.00256215
          71  -0.0963538  -0.0655823   0.0025635
          72  -0.0944392  -0.0659831  0.00255903
          73  -0.0957663  -0.0663911  0.00255629
          74  -0.0999978  -0.0668452  0.00256177
          75   -0.102233  -0.0673171   0.0025707
          76   -0.107114  -0.0678407  0.00258966
          77   -0.115408  -0.0684585  0.00262867
          78   -0.117118  -0.0690823  0.00266797
          79   -0.120516  -0.0697334  0.00271248
          80   -0.130377  -0.0704914  0.00278248
          81   -0.133879   -0.071274  0.00285605
          82   -0.135182  -0.0720533  0.00292563
          83   -0.138027  -0.0728482  0.00299641
          84   -0.143419  -0.0736883  0.00307626
          85   -0.143316  -0.0745075  0.00314724
          86   -0.141738  -0.0752892  0.00320627
          87   -0.139693  -0.0760295  0.00325375
          88   -0.138726   -0.076742  0.00329386
          89   -0.143527  -0.0774923  0.00334123
          90   -0.144633  -0.0782383  0.00338636
          91   -0.140322  -0.0789206  0.00341718
          92   -0.151515  -0.0797097  0.00346994
          93   -0.130759  -0.0802586  0.00347578
          94   -0.148563  -0.0809852  0.00351394
          95   -0.153758  -0.0817512  0.00355946
          96   -0.163084  -0.0825985  0.00362181
          97   -0.174133  -0.0835421  0.00370537
          98   -0.175265  -0.0844781  0.00378392
          99   -0.182254  -0.0854657  0.00387244
         100   -0.186591  -0.0864769  0.00396356
         101    -0.18879  -0.0874899   0.0040517
         102   -0.184725  -0.0884432   0.0041226
         103   -0.193139  -0.0894597  0.00420601
         104   -0.190143  -0.0904278  0.00427554
         105   -0.181823  -0.0912982  0.00432251
         106   -0.172552  -0.0920648  0.00434917
         107   -0.170566  -0.0927984  0.00436997
         108   -0.178667  -0.0935935  0.00440124
         109   -0.191301  -0.0944899  0.00445121
         110   -0.180277  -0.0952698  0.00447854
         111   -0.188447  -0.0961092  0.00451618
         112   -0.193195  -0.0969761  0.00455829
         113   -0.197957  -0.0978697  0.00460471
         114   -0.192601  -0.0987007  0.00463869
         115   -0.194661  -0.0995351  0.00467281
         116   -0.184478   -0.100267  0.00468955
         117   -0.184845    -0.10099  0.00470485
         118   -0.182732   -0.101683   0.0047157
         119   -0.183153   -0.102368  0.00472551
         120   -0.180431   -0.103018  0.00473069
         121    -0.18304   -0.103679   0.0047376
         122    -0.18248   -0.104325  0.00474259
         123   -0.180232   -0.104942  0.00474401
         124   -0.163478   -0.105415  0.00472919
         125   -0.176146    -0.10598  0.00472508
         126   -0.175404   -0.106531   0.0047196
         127   -0.181294    -0.10712  0.00471901
         128   -0.176116   -0.107659  0.00471282
         129   -0.180287   -0.108222   0.0047098
         130   -0.184053   -0.108805  0.00470955
         131   -0.174189   -0.109305  0.00469998
         132   -0.179913   -0.109839  0.00469471
         133   -0.173669   -0.110319  0.00468388
         134   -0.175055   -0.110802  0.00467377
         135   -0.167581   -0.111223  0.00465804
         136   -0.167893    -0.11164  0.00464239
         137   -0.171898    -0.11208  0.00462929
         138   -0.179275   -0.112567  0.00462128
         139   -0.180776   -0.113057  0.00461401
         140   -0.193085   -0.113629  0.00461633
         141    -0.20682    -0.11429  0.00463066
         142    -0.19737   -0.114875  0.00463487
         143   -0.193239   -0.115423  0.00463474
         144   -0.202799    -0.11603   0.0046421
         145   -0.181844   -0.116484  0.00463222
         146   -0.177405   -0.116901  0.00461925
         147   -0.189106   -0.117392  0.00461387
         148   -0.178443   -0.117804   0.0046011
         149   -0.180737   -0.118227  0.00458956
         150   -0.177746   -0.118624  0.00457609
         151   -0.180002    -0.11903   0.0045638
         152   -0.201572   -0.119573  0.00456597
         153   -0.194869   -0.120065  0.00456257
         154   -0.195399   -0.120554  0.00455909
         155   -0.174956   -0.120905  0.00454317
         156   -0.187039   -0.121329  0.00453378
         157   -0.198362    -0.12182  0.00453138
         158   -0.200202   -0.122316  0.00452977
         159   -0.198345   -0.122794  0.00452645
         160   -0.199194   -0.123272  0.00452327
         161   -0.199022   -0.123742  0.00451958
         162   -0.199779   -0.124212  0.00451599
         163   -0.210352    -0.12474   0.0045191
         164   -0.210538   -0.125263  0.00452172
         165   -0.200876   -0.125722  0.00451748
         166   -0.217438   -0.126274  0.00452393
         167   -0.214338   -0.126801  0.00452747
         168   -0.220876   -0.127361  0.00453502
         169   -0.229481   -0.127966  0.00454826
         170   -0.223025   -0.128525  0.00455575
         171   -0.229638   -0.129116  0.00456732
         172    -0.21863   -0.129637  0.00457032
         173   -0.216752    -0.13014  0.00457156
         174    -0.21695   -0.130639  0.00457243
         175   -0.198569   -0.131027  0.00456275
         176   -0.211769   -0.131486  0.00455983
         177   -0.224235    -0.13201  0.00456408
         178   -0.232409   -0.132574  0.00457315
         179   -0.225987   -0.133096  0.00457728
         180   -0.211893   -0.133534  0.00457274
         181   -0.238819   -0.134115  0.00458432
         182   -0.234434   -0.134666  0.00459215
         183   -0.231201   -0.135194  0.00459726
         184   -0.238098   -0.135753  0.00460617
         185    -0.24706   -0.136355  0.00462039
         186   -0.238224   -0.136903   0.0046279
         187   -0.228088    -0.13739  0.00462877
         188    -0.22136   -0.137837  0.00462565
         189   -0.221659    -0.13828  0.00462239
         190   -0.232943   -0.138779  0.00462483
         191   -0.222989   -0.139219  0.00462158
         192   -0.246548   -0.139778   0.0046312
         193   -0.263571    -0.14042  0.00465141
         194   -0.261914   -0.141046   0.0046694
         195   -0.257616   -0.141644  0.00468356
         196   -0.270801   -0.142303   0.0047058
         197   -0.267744    -0.14294  0.00472479
         198   -0.257963   -0.143521  0.00473651
         199   -0.231413   -0.143962  0.00473326
         200   -0.269359   -0.144589  0.00475093
         201   -0.282574   -0.145276  0.00477664
         202   -0.262062   -0.145854  0.00478785
         203   -0.266551   -0.146448  0.00480104
         204   -0.241547   -0.146915  0.00480009
         205   -0.262138   -0.147477  0.00480947
         206    -0.26247   -0.148035  0.00481841
         207   -0.265542   -0.148603  0.00482845
         208   -0.257245   -0.149125  0.00483341
         209   -0.262324   -0.149667  0.00484053
         210   -0.261523   -0.150199   0.0048467
         211   -0.256728   -0.150704  0.00484995
         212   -0.280413   -0.151316  0.00486552
         213   -0.266764   -0.151858  0.00487277
         214   -0.233509   -0.152239  0.00486491
         215   -0.263006   -0.152755  0.00486949
         216   -0.243595   -0.153175  0.00486507
         217   -0.277028   -0.153746  0.00487602
         218   -0.282722   -0.154338  0.00488941
         219   -0.289418   -0.154954  0.00490584
         220   -0.288909   -0.155563  0.00492118
         221    -0.28514    -0.15615  0.00493371
         222   -0.289687   -0.156751  0.00494802
         223   -0.289471   -0.157346   0.0049615
         224    -0.28554   -0.157919  0.00497225
         225   -0.277387    -0.15845  0.00497842
         226   -0.286704   -0.159017  0.00498863
         227   -0.269138   -0.159502  0.00499018
         228   -0.276408   -0.160015  0.00499457
         229   -0.281573   -0.160546  0.00500089
         230   -0.283197   -0.161079   0.0050075
         231   -0.268037   -0.161542  0.00500718
         232   -0.233459   -0.161852  0.00499518
         233   -0.277668   -0.162349  0.00499841
         234   -0.281657   -0.162859  0.00500299
         235   -0.290188   -0.163401  0.00501096
         236   -0.290532   -0.163939  0.00501859
         237   -0.285862   -0.164454  0.00502372
         238   -0.292296   -0.164991  0.00503124
         239   -0.285794   -0.165496  0.00503552
         240    -0.28703   -0.166003  0.00503993
         241   -0.258416   -0.166386  0.00503359
         242   -0.263592   -0.166788  0.00502879
         243    -0.27862   -0.167248  0.00502911
         244   -0.289581    -0.16775  0.00503343
         245   -0.285795   -0.168231  0.00503589
         246   -0.286159   -0.168711  0.00503818
         247     -0.2867   -0.169188  0.00504038
         248   -0.273114   -0.169608  0.00503745
         249    -0.25744    -0.16996  0.00502955
         250   -0.250018    -0.17028  0.00501962
         251   -0.214899   -0.170458  0.00500277
         252   -0.228884    -0.17069  0.00498828
         253   -0.208966   -0.170841  0.00497086
         254   -0.257922   -0.171184   0.0049631
         255   -0.257618   -0.171523   0.0049552
         256   -0.211096   -0.171678  0.00493825
         257   -0.251071   -0.171987  0.00492869
         258   -0.258332   -0.172321  0.00492093
         259   -0.258324   -0.172653  0.00491313
         260   -0.269635   -0.173026  0.00490837
         261   -0.268562   -0.173392  0.00490319
         262   -0.249571   -0.173683  0.00489309
         263   -0.257979   -0.174004  0.00488497
         264   -0.268567   -0.174362  0.00487958
         265   -0.273992   -0.174738  0.00487563
         266   -0.263667   -0.175072  0.00486875
         267   -0.260383   -0.175392  0.00486099
         268   -0.274432   -0.175761  0.00485688
         269   -0.275537   -0.176132  0.00485296
         270   -0.253022   -0.176417  0.00484334
         271   -0.251441   -0.176694  0.00483337
         272    -0.26003      -0.177   0.0048253
         273   -0.259051   -0.177301  0.00481698
         274   -0.252433   -0.177575   0.0048072
         275   -0.253487   -0.177851  0.00479764
         276   -0.253989   -0.178127  0.00478818
         277   -0.258047   -0.178415  0.00477958
         278   -0.263701   -0.178722  0.00477222
         279   -0.257074   -0.179003  0.00476337
         280   -0.256953   -0.179281  0.00475449
         281   -0.259605   -0.179567  0.00474615
         282   -0.260471   -0.179854  0.00473798
         283     -0.2447   -0.180083  0.00472678
         284   -0.254035   -0.180344   0.0047173
         285   -0.248618   -0.180583  0.00470683
         286   -0.245986   -0.180812  0.00469593
         287   -0.238897   -0.181014  0.00468392
         288   -0.231303   -0.181189  0.00467091
         289   -0.235126   -0.181376  0.00465848
         290   -0.245012   -0.181595  0.00464758
         291   -0.244779   -0.181812  0.00463668
         292   -0.239218   -0.182009  0.00462496
         293   -0.225753   -0.182158  0.00461159
         294   -0.228841   -0.182317  0.00459864
         295   -0.231812   -0.182485  0.00458611
         296   -0.225917   -0.182631  0.00457296
         297   -0.232428   -0.182799  0.00456063
         298   -0.235471   -0.182976  0.00454875
         299   -0.223215    -0.18311  0.00453553
         300   -0.219002    -0.18323  0.00452199
         301   -0.223239   -0.183363  0.00450892
         302   -0.214829   -0.183467  0.00449519
         303   -0.199345   -0.183519  0.00448066
         304   -0.185957   -0.183527  0.00446593
         305   -0.170301   -0.183484   0.0044515
         306   -0.192517   -0.183514  0.00443705
         307   -0.198688   -0.183563  0.00442287
         308   -0.216578    -0.18367  0.00440981
         309   -0.218008   -0.183781  0.00439694
         310   -0.219287   -0.183896  0.00438425
         311   -0.211987   -0.183986  0.00437108
         312    -0.22896    -0.18413  0.00435945
         313   -0.223552   -0.184256  0.00434734
         314   -0.208384   -0.184333  0.00433417
         315   -0.235252   -0.184495  0.00432343
         316   -0.253105   -0.184712  0.00431519
         317   -0.248555   -0.184913  0.00430628
         318   -0.250038   -0.185118   0.0042976
         319   -0.247852   -0.185315  0.00428863
         320   -0.246277   -0.185505  0.00427946
         321   -0.248954   -0.185703  0.00427069
         322   -0.252901   -0.185912  0.00426252
         323   -0.251685   -0.186115  0.00425418
         324    -0.25504   -0.186328  0.00424637
         325   -0.258087   -0.186549  0.00423904
         326   -0.263293   -0.186784  0.00423257
         327   -0.262994   -0.187017  0.00422604
         328    -0.26514   -0.187255  0.00421986
         329   -0.260641   -0.187478  0.00421292
         330   -0.252738   -0.187676   0.0042048
         331   -0.271136   -0.187928  0.00419965
         332   -0.251708    -0.18812  0.00419139
         333   -0.244053   -0.188288  0.00418216
         334   -0.249238   -0.188471  0.00417362
         335   -0.254892   -0.188669  0.00416587
         336   -0.258597   -0.188877  0.00415867
         337   -0.270973   -0.189121  0.00415346
         338   -0.283307     -0.1894  0.00415051
         339    -0.28915   -0.189694  0.00414868
         340   -0.287759   -0.189982  0.00414649
         341   -0.255584   -0.190175  0.00413879
         342   -0.253716    -0.19036  0.00413086
         343   -0.272521     -0.1906  0.00412575
         344   -0.264829   -0.190816   0.0041194
         345    -0.28327   -0.191084  0.00411617
         346   -0.286853   -0.191361  0.00411357
         347   -0.283781   -0.191627  0.00411032
         348   -0.298522   -0.191934  0.00410997
         349   -0.298844    -0.19224   0.0041096
         350   -0.294225   -0.192532  0.00410817
         351   -0.293712    -0.19282  0.00410657
         352   -0.269158   -0.193037  0.00410063
         353   -0.285746     -0.1933  0.00409741
         354   -0.275891   -0.193533  0.00409247
         355   -0.281368    -0.19378  0.00408842
         356   -0.278315   -0.194018  0.00408382
         357    -0.28056    -0.19426  0.00407957
         358   -0.277816   -0.194494  0.00407485
         359   -0.277865   -0.194726  0.00407011
         360    -0.26812    -0.19493  0.00406391
         361   -0.268346   -0.195133  0.00405774
         362   -0.265748   -0.195328  0.00405121
         363     -0.2641   -0.195518  0.00404448
         364   -0.231883   -0.195617   0.0040346
         365   -0.243115   -0.195748  0.00402565
         366   -0.252809   -0.195903  0.00401767
         367   -0.248393   -0.196046  0.00400926
         368   -0.244916   -0.196179  0.00400057
         369   -0.265817   -0.196368  0.00399417
         370    -0.27604   -0.196583  0.00398918
         371   -0.280325   -0.196809  0.00398481
         372   -0.282609    -0.19704  0.00398077
         373   -0.268294   -0.197231  0.00397467
         374    -0.27094   -0.197428  0.00396893
         375   -0.274796   -0.197634   0.0039637
         376   -0.290192    -0.19788   0.0039608
         377   -0.286484   -0.198115  0.00395726
         378   -0.267628   -0.198299  0.00395106
         379   -0.266998    -0.19848  0.00394479
         380   -0.235574   -0.198578  0.00393562
         381   -0.250214   -0.198714  0.00392762
         382   -0.273554    -0.19891  0.00392222
         383   -0.281289   -0.199125  0.00391788
         384   -0.294336   -0.199373  0.00391551
         385   -0.289631   -0.199607  0.00391235
         386   -0.279186   -0.199813  0.00390765
         387   -0.288504   -0.200042  0.00390426
         388   -0.283457   -0.200257  0.00390011
         389   -0.280251   -0.200463  0.00389551
         390   -0.262182   -0.200621  0.00388873
         391   -0.256283   -0.200764  0.00388139
         392   -0.272884   -0.200948  0.00387585
         393   -0.255088   -0.201085  0.00386843
         394   -0.254376   -0.201221  0.00386098
         395   -0.261744   -0.201374  0.00385424
         396   -0.273378   -0.201556   0.0038488
         397   -0.274729    -0.20174  0.00384351
         398    -0.27827   -0.201932  0.00383866
         399   -0.290992   -0.202155  0.00383552
         400   -0.278467   -0.202346  0.00383068
         401   -0.280597   -0.202541  0.00382609
         402   -0.276038   -0.202724  0.00382094
         403   -0.278806   -0.202913  0.00381612
         404   -0.277834   -0.203098  0.00381118
         405   -0.282991   -0.203296  0.00380687
         406   -0.281697   -0.203489  0.00380239
         407   -0.290891   -0.203704   0.0037991
         408   -0.283271   -0.203899  0.00379479
         409   -0.288128   -0.204105   0.0037911
         410   -0.291669   -0.204318  0.00378786
         411   -0.278163   -0.204498  0.00378291
         412    -0.27737   -0.204675  0.00377786
         413   -0.279791   -0.204857  0.00377309
         414   -0.266443   -0.205005   0.0037669
         415   -0.257467   -0.205132  0.00375995
         416   -0.267026    -0.20528  0.00375385
         417   -0.263909   -0.205421  0.00374748
         418   -0.266438   -0.205567  0.00374136
         419   -0.257584   -0.205691  0.00373449
         420   -0.248936   -0.205794  0.00372702
         421   -0.244924   -0.205887  0.00371932
         422   -0.260006   -0.206015  0.00371272
         423    -0.25566   -0.206133   0.0037058
         424   -0.253349   -0.206244  0.00369873
         425    -0.27294   -0.206401  0.00369335
         426    -0.27438   -0.206561  0.00368813
         427   -0.257987   -0.206681  0.00368146
         428   -0.261911    -0.20681  0.00367512
         429   -0.269817   -0.206957  0.00366948
         430   -0.284788   -0.207138  0.00366541
         431   -0.267932   -0.207279  0.00365962
         432   -0.277789   -0.207442  0.00365479
         433   -0.264914   -0.207575  0.00364876
         434    -0.26638    -0.20771  0.00364286
         435   -0.282682   -0.207883  0.00363856
         436   -0.283179   -0.208055  0.00363431
         437    -0.29434   -0.208253  0.00363136
         438   -0.292133   -0.208444  0.00362811
         439   -0.280461   -0.208608  0.00362356
         440   -0.280531   -0.208772  0.00361901
         441    -0.30063    -0.20898  0.00361679
         442    -0.30106   -0.209189   0.0036146
         443   -0.308059   -0.209412  0.00361332
         444   -0.317699   -0.209656  0.00361341
         445   -0.309826   -0.209881  0.00361229
         446   -0.321235    -0.21013  0.00361281
         447   -0.317169    -0.21037  0.00361266
         448   -0.310921   -0.210594  0.00361156
         449    -0.31317   -0.210823  0.00361073
         450   -0.306414   -0.211035  0.00360895
         451   -0.309244   -0.211253  0.00360751
         452   -0.315448   -0.211483  0.00360689
         453   -0.293146   -0.211664  0.00360343
         454   -0.310211   -0.211881  0.00360202
         455   -0.315234   -0.212108  0.00360126
         456   -0.320878   -0.212346  0.00360126
         457   -0.317964   -0.212578  0.00360078
         458   -0.333025   -0.212841  0.00360251
         459   -0.315015   -0.213063  0.00360154
         460   -0.314939   -0.213285  0.00360051
         461   -0.314149   -0.213503  0.00359934
         462   -0.311815   -0.213716  0.00359783
         463   -0.341599   -0.213992  0.00360065
         464   -0.345868   -0.214277  0.00360409
         465   -0.345106   -0.214558   0.0036073
         466   -0.352236   -0.214853  0.00361164
         467   -0.347925   -0.215138  0.00361513
         468   -0.341933   -0.215409  0.00361754
         469   -0.331138   -0.215656  0.00361824
         470   -0.326512   -0.215892  0.00361822
         471   -0.317217   -0.216107  0.00361693
         472   -0.314841   -0.216316  0.00361531
         473   -0.323439   -0.216543  0.00361475
         474    -0.32662   -0.216775  0.00361458
         475   -0.332447   -0.217018  0.00361516
         476   -0.313903   -0.217222  0.00361329
         477   -0.309988   -0.217416  0.00361095
         478   -0.312466   -0.217615  0.00360886
         479   -0.341992   -0.217875  0.00361066
         480   -0.326161   -0.218101  0.00361018
         481   -0.342975    -0.21836  0.00361199
         482   -0.311536   -0.218554  0.00360967
         483   -0.337858   -0.218801  0.00361064
         484   -0.332835   -0.219036  0.00361086
         485   -0.345279   -0.219296  0.00361278
         486   -0.350774   -0.219567  0.00361546
         487   -0.355751   -0.219847  0.00361884
         488   -0.354526   -0.220123  0.00362193
         489   -0.350461   -0.220389  0.00362432
         490   -0.340485   -0.220634   0.0036252
         491   -0.327157   -0.220851   0.0036243
         492   -0.338248    -0.22109  0.00362478
         493   -0.346765   -0.221345  0.00362638
         494   -0.337478    -0.22158  0.00362665
         495    -0.33581   -0.221811  0.00362666
         496   -0.316148   -0.222001  0.00362433
         497   -0.327314   -0.222213  0.00362323
         498   -0.317812   -0.222405  0.00362103
         499   -0.315339   -0.222591  0.00361856
         500   -0.319882   -0.222785  0.00361655
         501   -0.307548   -0.222955  0.00361329
         502   -0.307733   -0.223124  0.00361004
         503   -0.298685   -0.223274  0.00360598
         504   -0.279491   -0.223385  0.00360055
         505   -0.284002   -0.223505  0.00359543
         506    -0.29409   -0.223645  0.00359102
         507   -0.303078   -0.223801  0.00358736
         508   -0.321668   -0.223994  0.00358547
         509   -0.310903   -0.224165  0.00358248
         510   -0.313304    -0.22434  0.00357972
         511   -0.296873   -0.224482  0.00357553
         512   -0.293246   -0.224616  0.00357107
         513   -0.312075   -0.224786  0.00356817
         514   -0.311392   -0.224955  0.00356521
         515   -0.304366   -0.225109  0.00356162
         516   -0.334753   -0.225322  0.00356105
         517   -0.338318    -0.22554  0.00356086
         518   -0.346297   -0.225773  0.00356161
         519   -0.350596   -0.226014  0.00356286
         520   -0.331416   -0.226216  0.00356177
         521   -0.338694   -0.226432  0.00356147
         522   -0.334432   -0.226639  0.00356065
         523    -0.31445   -0.226807   0.0035578
         524   -0.327828      -0.227  0.00355623
         525   -0.330946   -0.227198  0.00355496
         526   -0.299138   -0.227335  0.00355083
         527   -0.308105   -0.227488   0.0035474
         528   -0.336534   -0.227694  0.00354669
         529   -0.323976   -0.227876  0.00354465
         530   -0.332258   -0.228073  0.00354343
         531   -0.333083   -0.228271  0.00354227
         532    -0.31146   -0.228428  0.00353906
         533   -0.327193   -0.228613  0.00353727
         534   -0.332506   -0.228807  0.00353599
         535    -0.35686   -0.229047  0.00353748
         536     -0.3441   -0.229261  0.00353738
         537   -0.322723   -0.229435  0.00353507
         538    -0.33422    -0.22963  0.00353386
         539   -0.341533   -0.229838   0.0035334
         540   -0.330182   -0.230024  0.00353174
         541   -0.335626   -0.230219   0.0035306
         542   -0.352347   -0.230444  0.00353127
         543   -0.335239   -0.230637  0.00353004
         544   -0.333329   -0.230826  0.00352859
         545   -0.323128   -0.230995  0.00352618
         546   -0.346895   -0.231208  0.00352611
         547   -0.354833   -0.231434   0.0035269
         548   -0.321407   -0.231598  0.00352428
         549   -0.324206   -0.231766  0.00352189
         550   -0.338486    -0.23196  0.00352083
         551   -0.345915   -0.232167  0.00352051
         552   -0.327595    -0.23234  0.00351837
         553   -0.338858   -0.232533  0.00351728
         554   -0.346556   -0.232739  0.00351695
         555   -0.337256   -0.232927  0.00351565
         556   -0.340838   -0.233121  0.00351468
         557   -0.326678   -0.233289  0.00351238
         558   -0.324138   -0.233452  0.00350986
         559   -0.352613   -0.233665  0.00351005
         560   -0.350495   -0.233874  0.00350997
         561   -0.342998   -0.234068   0.0035091
         562   -0.353147    -0.23428  0.00350925
         563   -0.343019   -0.234473  0.00350833
         564   -0.335818   -0.234653  0.00350671
         565   -0.310399   -0.234787  0.00350306
         566   -0.331222   -0.234957  0.00350101
         567    -0.32649   -0.235119  0.00349856
         568   -0.322349   -0.235272  0.00349577
         569   -0.328481   -0.235436  0.00349346
         570   -0.329222   -0.235601   0.0034912
         571   -0.339637   -0.235783  0.00348984
         572   -0.324213   -0.235937  0.00348716
         573   -0.325412   -0.236094  0.00348457
         574   -0.308408    -0.23622  0.00348078
         575    -0.34479   -0.236408  0.00347984
         576   -0.338892   -0.236586  0.00347835
         577   -0.330668   -0.236749  0.00347614
         578   -0.344725   -0.236936  0.00347514
         579   -0.348958    -0.23713  0.00347452
         580   -0.353796   -0.237331  0.00347434
         581   -0.337031   -0.237502   0.0034726
         582   -0.338825   -0.237676  0.00347099
         583   -0.344012   -0.237859  0.00346983
         584   -0.321716   -0.238002  0.00346686
         585   -0.313599   -0.238132  0.00346334
         586   -0.339951   -0.238305  0.00346179
         587   -0.344599   -0.238487  0.00346062
         588   -0.319129   -0.238624  0.00345745
         589   -0.338392   -0.238793  0.00345573
         590   -0.360617      -0.239  0.00345603
         591   -0.339443   -0.239169  0.00345436
         592   -0.362294   -0.239377  0.00345478
         593   -0.362702   -0.239585  0.00345521
         594    -0.36973   -0.239805  0.00345633
         595    -0.36715   -0.240019  0.00345715
         596   -0.379591   -0.240253  0.00345927
         597   -0.385489   -0.240496  0.00346202
         598   -0.360293   -0.240696  0.00346202
         599   -0.354907   -0.240887  0.00346149
         600   -0.352192   -0.241073  0.00346068
         601   -0.360725   -0.241272  0.00346065
         602   -0.375001   -0.241494  0.00346202
         603   -0.371486   -0.241709  0.00346298
         604   -0.379956   -0.241938  0.00346481
         605   -0.379164   -0.242165   0.0034665
         606   -0.372524    -0.24238  0.00346744
         607   -0.361614   -0.242577  0.00346729
         608   -0.371011   -0.242788  0.00346802
         609   -0.373048   -0.243002  0.00346891
         610   -0.351487    -0.24318  0.00346778
         611   -0.339414   -0.243337  0.00346568
         612   -0.347785   -0.243508  0.00346422
         613   -0.356357   -0.243692  0.00346345
         614   -0.355559   -0.243874   0.0034626
         615   -0.355868   -0.244056  0.00346176
         616   -0.349404   -0.244227  0.00346036
         617    -0.36051   -0.244416  0.00345988
         618   -0.351444   -0.244589  0.00345861
         619    -0.33719   -0.244738  0.00345626
         620   -0.287399   -0.244807  0.00345137
         621   -0.310455   -0.244913  0.00344743
         622   -0.352964   -0.245087  0.00344626
         623   -0.347795   -0.245251  0.00344467
         624   -0.378346   -0.245465  0.00344575
         625    -0.38451   -0.245687  0.00344741
         626   -0.371042   -0.245888  0.00344771
         627     -0.3955   -0.246126  0.00345046
         628   -0.370091   -0.246324  0.00345061
         629   -0.343442   -0.246478  0.00344858
         630   -0.326269   -0.246605  0.00344543
         631   -0.311308   -0.246707  0.00344149
         632   -0.337402   -0.246851  0.00343904
         633   -0.339305   -0.246997   0.0034367
         634   -0.334828   -0.247135  0.00343408
         635   -0.348447   -0.247295  0.00343237
         636   -0.337872   -0.247437  0.00342993
         637    -0.32621   -0.247561  0.00342677
         638   -0.315692   -0.247668  0.00342306
         639   -0.318721   -0.247779  0.00341951
         640   -0.333651   -0.247913   0.0034168
         641   -0.316377    -0.24802  0.00341314
         642   -0.336934   -0.248158  0.00341063
         643   -0.337634   -0.248297  0.00340817
         644   -0.340305    -0.24844  0.00340587
         645   -0.342467   -0.248586   0.0034037
         646   -0.304756   -0.248673  0.00339955
         647   -0.346951   -0.248825  0.00339768
         648   -0.352246   -0.248985  0.00339619
         649   -0.347687   -0.249137  0.00339436
         650   -0.354334   -0.249298  0.00339299
         651   -0.325473   -0.249415   0.0033898
         652   -0.363319    -0.24959   0.0033891
         653   -0.367939   -0.249771  0.00338875
         654   -0.363501   -0.249945  0.00338803
         655   -0.341201   -0.250085  0.00338572
         656   -0.351693    -0.25024   0.0033841
         657   -0.359898   -0.250406  0.00338306
         658   -0.358902   -0.250571  0.00338193
         659   -0.372968   -0.250757   0.0033819
         660   -0.370918   -0.250939  0.00338167
         661   -0.361042   -0.251106  0.00338065
         662   -0.353118    -0.25126  0.00337906
         663   -0.351728   -0.251411  0.00337736
         664   -0.359106   -0.251574  0.00337616
         665   -0.366265   -0.251746  0.00337549
         666   -0.364851   -0.251916  0.00337469
         667   -0.338136   -0.252045  0.00337211
         668   -0.371731   -0.252224  0.00337181
         669   -0.378129   -0.252412  0.00337202
         670   -0.387388   -0.252614    0.003373
         671    -0.39155   -0.252821  0.00337432
         672   -0.400556   -0.253041  0.00337646
         673   -0.389126   -0.253243  0.00337749
         674   -0.382597   -0.253435  0.00337793
         675   -0.351815   -0.253581  0.00337607
         676    -0.35141   -0.253725  0.00337417
         677   -0.326877   -0.253833  0.00337092
         678   -0.310147   -0.253917  0.00336697
         679   -0.333051   -0.254033  0.00336403
         680   -0.350156   -0.254174  0.00336205
         681   -0.361769   -0.254332  0.00336082
         682   -0.337321   -0.254454   0.0033581
         683   -0.352451   -0.254598  0.00335624
         684   -0.360662   -0.254753  0.00335492
         685   -0.354059   -0.254898  0.00335315
         686   -0.345594    -0.25503  0.00335087
         687   -0.333864   -0.255145  0.00334795
         688   -0.356332   -0.255292  0.00334632
         689   -0.372723   -0.255462   0.0033458
         690   -0.387606   -0.255654  0.00334642
         691   -0.396317   -0.255857  0.00334777
         692   -0.374642   -0.256029  0.00334733
         693   -0.384653   -0.256214  0.00334764
         694    -0.36795   -0.256375  0.00334668
         695   -0.369166   -0.256538   0.0033458
         696   -0.386489   -0.256724   0.0033462
         697   -0.371469   -0.256889  0.00334545
         698   -0.372032   -0.257054  0.00334472
         699   -0.366969   -0.257211  0.00334363
         700   -0.354378    -0.25735  0.00334173
         701   -0.379447   -0.257524   0.0033415
         702   -0.372263   -0.257688  0.00334073
         703   -0.344931   -0.257812  0.00333829
         704   -0.334541   -0.257921  0.00333532
         705   -0.340186   -0.258037  0.00333263
         706   -0.348893   -0.258166   0.0033304
         707   -0.330122   -0.258268  0.00332724
         708   -0.308742   -0.258339  0.00332331
         709   -0.302478   -0.258401   0.0033192
         710   -0.329606   -0.258502  0.00331604
         711   -0.308275   -0.258572  0.00331212
         712   -0.359166   -0.258713  0.00331048
         713   -0.350448   -0.258842  0.00330833
         714    -0.33963   -0.258955  0.00330563
         715   -0.334644   -0.259061   0.0033027
         716   -0.309961   -0.259132  0.00329886
         717   -0.321345   -0.259219   0.0032954
         718   -0.305115   -0.259283  0.00329143
         719   -0.335445   -0.259388  0.00328855
         720   -0.335444   -0.259494  0.00328568
         721   -0.323161   -0.259582  0.00328231
         722   -0.335222   -0.259687  0.00327944
         723   -0.361281   -0.259828  0.00327791
         724   -0.364974   -0.259973   0.0032766
         725   -0.359589    -0.26011  0.00327496
         726   -0.341537   -0.260222  0.00327237
         727   -0.385233   -0.260394  0.00327238
         728   -0.376719   -0.260554  0.00327178
         729   -0.372673   -0.260708  0.00327091
         730   -0.353982   -0.260836  0.00326892
         731   -0.368305   -0.260983  0.00326776
         732   -0.359003   -0.261117  0.00326603
         733   -0.367643   -0.261262  0.00326481
         734   -0.346832   -0.261379  0.00326244
         735    -0.39226   -0.261557  0.00326286
         736   -0.385838   -0.261726  0.00326279
         737   -0.369373   -0.261872  0.00326163
         738   -0.377553   -0.262028  0.00326098
         739   -0.393484   -0.262206  0.00326141
         740   -0.396207   -0.262387  0.00326203
         741   -0.395787   -0.262567  0.00326259
         742   -0.378813   -0.262724  0.00326195
         743   -0.357087   -0.262851  0.00326004
         744   -0.381732   -0.263011  0.00325957
         745   -0.376837   -0.263164  0.00325877
         746   -0.389129   -0.263332  0.00325877
         747   -0.390263   -0.263502  0.00325884
         748   -0.390763   -0.263672  0.00325892
         749   -0.380541   -0.263829   0.0032583
         750   -0.374309   -0.263976  0.00325729
         751   -0.401922   -0.264159  0.00325812
         752   -0.401503   -0.264342  0.00325891
         753   -0.387469   -0.264506  0.00325868
         754    -0.39211   -0.264675  0.00325875
         755    -0.40804   -0.264865  0.00325996
         756   -0.399476   -0.265043  0.00326051
         757     -0.4023   -0.265224  0.00326124
         758   -0.400681   -0.265403  0.00326183
         759   -0.409161   -0.265592  0.00326302
         760   -0.413022   -0.265786  0.00326449
         761   -0.418296   -0.265987  0.00326635
         762    -0.41796   -0.266186  0.00326814
         763   -0.392426   -0.266352  0.00326805
         764   -0.392185   -0.266516  0.00326792
         765    -0.37178   -0.266654  0.00326654
         766   -0.379303   -0.266801  0.00326558
         767   -0.411834    -0.26699   0.0032668
         768   -0.388024   -0.267148  0.00326634
         769   -0.377009    -0.26729  0.00326522
         770   -0.388756   -0.267448  0.00326478
         771   -0.383477   -0.267599  0.00326402
         772   -0.421003   -0.267797  0.00326583
         773   -0.404445   -0.267974  0.00326639
         774   -0.419412    -0.26817  0.00326802
         775   -0.424422   -0.268371  0.00327002
         776   -0.420145   -0.268567  0.00327165
         777   -0.428484   -0.268773  0.00327391
         778   -0.432274   -0.268983  0.00327644
         779   -0.409428   -0.269163  0.00327719
         780   -0.415015    -0.26935  0.00327831
         781   -0.411354   -0.269532  0.00327916
         782   -0.402871   -0.269703  0.00327939
         783   -0.407742   -0.269879  0.00327994
         784   -0.389182   -0.270031  0.00327928
         785    -0.40231     -0.2702  0.00327943
         786   -0.399145   -0.270364  0.00327936
         787   -0.378722   -0.270501  0.00327808
         788   -0.387763    -0.27065   0.0032773
         789   -0.385852   -0.270796   0.0032764
         790   -0.378021   -0.270932  0.00327506
         791   -0.377057   -0.271066  0.00327367
         792   -0.365011   -0.271185  0.00327168
         793   -0.371252   -0.271311  0.00326999
         794   -0.369677   -0.271435  0.00326822
         795   -0.365011   -0.271552  0.00326622
         796   -0.358312   -0.271661  0.00326394
         797    -0.34154   -0.271749  0.00326102
         798   -0.368291    -0.27187  0.00325918
         799   -0.344525   -0.271961  0.00325637
         800   -0.350406   -0.272059  0.00325377
         801   -0.359418   -0.272168  0.00325154
         802   -0.368025   -0.272288  0.00324968
         803    -0.37257   -0.272413  0.00324803
         804    -0.36698    -0.27253  0.00324612
         805   -0.361172    -0.27264  0.00324395
         806    -0.36557   -0.272756  0.00324198
         807   -0.372556   -0.272879  0.00324032
         808   -0.344005   -0.272967   0.0032375
         809   -0.356816   -0.273071  0.00323516
         810   -0.348158   -0.273164  0.00323249
         811   -0.360375   -0.273271   0.0032303
         812    -0.36948    -0.27339  0.00322849
         813   -0.362588   -0.273499  0.00322638
         814   -0.368065   -0.273616  0.00322451
         815   -0.359257   -0.273721  0.00322227
         816   -0.344326   -0.273807  0.00321948
         817    -0.34393   -0.273893  0.00321668
         818   -0.331194   -0.273963  0.00321351
         819   -0.345213    -0.27405  0.00321077
         820   -0.325545   -0.274113  0.00320746
         821   -0.354723   -0.274211  0.00320506
         822   -0.359715   -0.274315  0.00320285
         823   -0.359609   -0.274419  0.00320063
         824   -0.368214   -0.274532  0.00319877
         825   -0.364595   -0.274642  0.00319676
         826   -0.366922   -0.274753  0.00319484
         827   -0.362595    -0.27486  0.00319274
         828   -0.354547   -0.274956  0.00319033
         829     -0.3437   -0.275039  0.00318756
         830   -0.356937   -0.275137  0.00318525
         831   -0.350092   -0.275228  0.00318269
         832   -0.356657   -0.275326  0.00318037
         833   -0.359436   -0.275426  0.00317816
         834   -0.352582   -0.275519  0.00317569
         835   -0.343091     -0.2756  0.00317292
         836   -0.352105   -0.275691  0.00317044
         837   -0.374555    -0.27581  0.00316886
         838   -0.372995   -0.275926   0.0031672
         839   -0.376121   -0.276045  0.00316567
         840   -0.385137   -0.276175  0.00316457
         841   -0.379131   -0.276297  0.00316317
         842   -0.382639   -0.276424  0.00316193
         843   -0.375294   -0.276541  0.00316036
         844   -0.378825   -0.276662  0.00315894
         845   -0.375484   -0.276779  0.00315736
         846    -0.39946   -0.276924  0.00315696
         847   -0.387923   -0.277055  0.00315595
         848   -0.382273   -0.277179  0.00315467
         849   -0.394451   -0.277317  0.00315397
         850   -0.390319    -0.27745  0.00315306
         851   -0.380837   -0.277572   0.0031517
         852   -0.399833   -0.277715  0.00315126
         853   -0.385447   -0.277841   0.0031501
         854    -0.38066   -0.277962  0.00314871
         855   -0.366569   -0.278065  0.00314673
         856   -0.352807   -0.278153  0.00314427
         857   -0.343251   -0.278229  0.00314152
         858   -0.334494   -0.278294  0.00313854
         859   -0.351162   -0.278379  0.00313603
         860   -0.358338   -0.278472  0.00313376
         861   -0.371047    -0.27858  0.00313197
         862   -0.362124   -0.278677  0.00312983
         863   -0.366874   -0.278779  0.00312787
         864    -0.36309   -0.278876  0.00312578
         865   -0.354923   -0.278964   0.0031234
         866   -0.366957   -0.279066  0.00312144
         867   -0.335392   -0.279131  0.00311852
         868   -0.331455   -0.279191  0.00311551
         869   -0.352741   -0.279276  0.00311307
         870   -0.351127   -0.279358  0.00311059
         871    -0.35196   -0.279442  0.00310814
         872   -0.350012   -0.279523  0.00310563
         873   -0.344947   -0.279598  0.00310297
         874   -0.349781   -0.279678  0.00310046
         875   -0.353232   -0.279762  0.00309806
         876   -0.341859   -0.279833  0.00309533
         877   -0.348039   -0.279911  0.00309278
         878   -0.358358       -0.28  0.00309055
         879   -0.346783   -0.280076  0.00308796
         880      -0.345    -0.28015  0.00308534
         881    -0.34557   -0.280224  0.00308273
         882   -0.362622   -0.280317  0.00308065
         883    -0.33845   -0.280383  0.00307786
         884   -0.353637   -0.280466   0.0030755
         885     -0.3566   -0.280552  0.00307322
         886   -0.368801   -0.280652  0.00307137
         887   -0.367946    -0.28075  0.00306948
         888   -0.370151   -0.280851  0.00306768
         889   -0.337536   -0.280915  0.00306489
         890   -0.325144   -0.280964  0.00306185
         891   -0.326007   -0.281015  0.00305883
         892   -0.345417   -0.281087  0.00305625
         893   -0.363603   -0.281179  0.00305423
         894   -0.390548   -0.281302  0.00305326
         895   -0.369165     -0.2814  0.00305142
         896    -0.39209   -0.281523  0.00305052
         897    -0.39414   -0.281649   0.0030497
         898   -0.375891   -0.281754  0.00304811
         899   -0.387095   -0.281871  0.00304697
         900   -0.385796   -0.281987  0.00304577
         901    -0.37914   -0.282094   0.0030443
         902    -0.38455   -0.282208  0.00304304
         903   -0.382523   -0.282319   0.0030417
         904   -0.382605    -0.28243  0.00304036
         905   -0.378757   -0.282536  0.00303886
         906   -0.364756   -0.282627  0.00303686
         907   -0.351742   -0.282703  0.00303447
         908   -0.346487   -0.282774  0.00303194
         909   -0.361052    -0.28286  0.00302983
         910   -0.319611     -0.2829  0.00302677
         911    -0.28669   -0.282904  0.00302345
         912   -0.329728   -0.282956  0.00302057
         913   -0.352881   -0.283032  0.00301823
         914   -0.377416   -0.283136  0.00301669
         915   -0.356217   -0.283215  0.00301445
         916   -0.367733   -0.283308  0.00301257
         917   -0.351926   -0.283383  0.00301022
         918   -0.375104   -0.283482   0.0030086
         919   -0.383103   -0.283591  0.00300728
         920   -0.394114   -0.283711  0.00300641
         921   -0.380313   -0.283816  0.00300497
         922   -0.369261   -0.283909  0.00300314
         923   -0.372634   -0.284005  0.00300142
         924   -0.367162   -0.284095  0.00299953
         925   -0.384035   -0.284203  0.00299823
         926   -0.370406   -0.284296  0.00299643
         927    -0.37953   -0.284399  0.00299496
         928   -0.382249   -0.284504  0.00299359
         929   -0.382032   -0.284609  0.00299221
         930   -0.349934   -0.284679  0.00298982
         931   -0.349626   -0.284749  0.00298742
         932   -0.341074   -0.284809  0.00298482
         933   -0.357574   -0.284887  0.00298264
         934   -0.386953   -0.284997  0.00298145
         935   -0.372561    -0.28509  0.00297973
         936   -0.336287   -0.285145  0.00297705
         937   -0.372709   -0.285238  0.00297534
         938   -0.367516   -0.285326  0.00297346
         939   -0.377812   -0.285425  0.00297193
         940    -0.37389   -0.285519  0.00297025
         941   -0.346446   -0.285584   0.0029678
         942   -0.365679   -0.285669  0.00296587
         943   -0.367849   -0.285756  0.00296401
         944   -0.362396   -0.285837  0.00296198
         945   -0.367426   -0.285923   0.0029601
         946   -0.346657   -0.285987  0.00295767
         947   -0.387569   -0.286095  0.00295649
         948   -0.397203   -0.286212  0.00295569
         949   -0.370406   -0.286301  0.00295391
         950   -0.348265   -0.286366  0.00295152
         951   -0.328044    -0.28641  0.00294874
         952    -0.37897   -0.286507  0.00294725
         953    -0.36335   -0.286588  0.00294526
         954   -0.379482   -0.286685  0.00294378
         955   -0.379816   -0.286782  0.00294231
         956   -0.364355   -0.286864  0.00294035
         957   -0.360517   -0.286941  0.00293829
         958   -0.397279   -0.287056  0.00293748
         959   -0.365039   -0.287137  0.00293554
         960   -0.391888   -0.287246  0.00293451
         961   -0.385288   -0.287348  0.00293323
         962   -0.397161   -0.287462   0.0029324
         963   -0.376309   -0.287555   0.0029308
         964   -0.388871    -0.28766  0.00292965
         965   -0.381242   -0.287757  0.00292822
         966    -0.34665   -0.287818  0.00292582
         967   -0.366432   -0.287899  0.00292392
         968    -0.34915   -0.287962  0.00292159
         969   -0.368312   -0.288045  0.00291975
         970   -0.365066   -0.288124  0.00291782
         971   -0.350693   -0.288189  0.00291552
         972   -0.351606   -0.288254  0.00291326
         973   -0.368275   -0.288336  0.00291142
         974    -0.35213   -0.288402  0.00290917
         975   -0.359899   -0.288475  0.00290711
         976   -0.368112   -0.288557  0.00290528
         977   -0.345281   -0.288615  0.00290288
         978   -0.346966   -0.288675  0.00290053
         979   -0.340779   -0.288728  0.00289805
         980   -0.346977   -0.288787   0.0028957
         981    -0.36576   -0.288866  0.00289382
         982   -0.344066   -0.288922  0.00289141
         983   -0.356063    -0.28899  0.00288928
         984   -0.362219   -0.289065   0.0028873
         985   -0.371472   -0.289148  0.00288558
         986   -0.375593   -0.289236  0.00288399
         987   -0.382505    -0.28933  0.00288261
         988   -0.356746   -0.289399   0.0028805
         989   -0.368103   -0.289478  0.00287869
         990   -0.381663   -0.289571  0.00287729
         991   -0.361164   -0.289644  0.00287529
         992   -0.377314   -0.289732  0.00287375
         993   -0.366856    -0.28981  0.00287191
         994   -0.354585   -0.289875  0.00286976
         995   -0.364211    -0.28995  0.00286784
         996   -0.350527    -0.29001  0.00286561
         997   -0.356174   -0.290077   0.0028635
         998     -0.3601   -0.290147  0.00286149
         999   -0.360315   -0.290217  0.00285949
        1000   -0.347821   -0.290275  0.00285721
