1 32466.1
2 30713.5
3 29038.6
4 27648.7
5 25485.5
6 24155.2
7 22312.7
8 21380.9
9 20185.9
10 19465.1
11 18407.5
12 17575.9
13 16874.8
14 16213.2
15 15691.2
16 14931.5
17 14207.6
18 13722.6
19 13554
20 13014.6
21 12742.3
22 12592
23 12153.7
24 11926.3
25 11842.6
26 11646.1
27 11569.8
28 11517.6
29 11345
30 11119.2
31 11085.5
32 11104.8
33 10786.5
34 10610.1
35 10248.6
36 10010.2
37 9995.64
38 9811.56
39 9683.03
40 9644.47
41 9524.33
42 9395.44
43 9119.8
44 9055.85
45 9008.15
46 9038.38
47 8910.27
48 8795.81
49 8825.22
50 8654.41
51 8554.17
52 8442.84
53 8375.52
54 8331.91
55 8290.81
56 8178.92
57 8256.5
58 8324.31
59 8021.7
60 8049.34
61 8012.67
62 8014.09
63 7858.21
64 7735.39
65 7801.24
66 7780.28
67 7727.26
68 7667.64
69 7686.21
70 7687.33
71 7620.55
72 7483.55
73 7548.11
74 7583.73
75 7465.42
76 7401.64
77 7303.78
78 7439.88
79 7081.8
80 7034.02
81 6903.34
82 6901.07
83 7022.52
84 6907.54
85 6793.44
86 6784.84
87 6666.94
88 6672.71
89 6526.26
90 6486.99
91 6393.36
92 6343.11
93 6280.79
94 6199.84
95 6155.09
96 6078.07
97 6021.99
98 6058.11
99 5907.02
100 5913.89
101 5872.9
102 5795.68
103 5895.77
104 5873.04
105 5738.98
106 5734.9
107 5818.28
108 5687.93
109 5586.54
110 5569.12
111 5588.67
112 5625.86
113 5628.26
114 5626.19
115 5801.87
116 5798.8
117 5820.12
118 5878.58
119 5894.28
120 5910.39
121 5755.27
122 5736.3
123 5799.81
124 5723.16
125 5575.45
126 5658
127 5625.62
128 5805.21
129 5749.32
130 5703.71
131 5701.89
132 5750.22
133 5724.82
134 5693.57
135 5564.28
136 5498.98
137 5549.72
138 5590.66
139 5576.25
140 5472.3
141 5492.33
142 5485.06
143 5407.87
144 5403.63
145 5399.86
146 5490.97
147 5446.99
148 5467.65
149 5397.82
150 5400.04
151 5508.43
152 5490.6
153 5425.11
154 5338.04
155 5364.65
156 5221.13
157 5242.94
158 5187.44
159 5255.33
160 5336.09
161 5224.11
162 5377.47
163 5282.22
164 5263.02
165 5402.64
166 5308.16
167 5284.82
168 5414.43
169 5484.34
170 5488
171 5366.83
172 5259.17
173 5162.04
174 5236.03
175 5176.28
176 5112.03
177 5176.26
178 5189.46
179 5061.78
180 5093.32
181 5051.85
182 5056.85
183 5074.6
184 5105.78
185 5082.71
186 5010.06
187 5049.34
188 5065.81
189 5019.16
190 5044.11
191 5066.78
192 5091.02
193 5095.14
194 5074.86
195 5139.79
196 5206.84
197 5159.68
198 5090.88
199 5123.44
200 5125.24
201 5062.7
202 5050.62
203 4997.29
204 5017.74
205 5070.72
206 4877.09
207 4895.18
208 5018.15
209 5048.5
210 4943.61
211 4936.56
212 4954.59
213 5041.36
214 5030.86
215 5250.35
216 5219.94
217 5013.57
218 5019.73
219 4973.88
220 4903.32
221 5014.15
222 5127.9
223 5105.85
224 4932.54
225 5018.15
226 4853.6
227 4881.51
228 4881.1
229 4917.49
230 4840.98
231 4948.18
232 4976.37
233 4948.8
234 4886.75
235 4875.52
236 4976.38
237 4951.42
238 4960.02
239 4903.31
240 4845.49
241 4874.91
242 4865.68
243 4855.51
244 4837.35
245 4845.61
246 4990.99
247 5025.69
248 4977.17
249 5028.35
250 4926.56
251 4850.85
252 4849.48
253 4917.12
254 4868.65
255 4868.97
256 4913.57
257 4895.34
258 4896.65
259 5096.09
260 5050.15
261 4965.61
262 4889.55
263 4938.74
264 4871.37
265 4972.3
266 4891.41
267 4929.09
268 4824.48
269 4825.75
270 4851.06
271 4862.44
272 4856.24
273 4776.73
274 4802.88
275 4790.15
276 4840.84
277 4882.14
278 4824.92
279 4771.73
280 4831.17
281 4865.92
282 4867.17
283 4828
284 4929.47
285 4767.88
286 4812.24
287 4920.17
288 4949
289 4929.82
290 5017.19
291 4856.5
292 4789.56
293 4743.02
294 4867.41
295 4890.9
296 5004.68
297 5011
298 4998.65
299 5056.47
300 5077.84
301 4922.23
302 4885.38
303 4924.12
304 4980.95
305 4901.67
306 4922.75
307 4906.1
308 4814.34
309 4924.68
310 4798.63
311 4805.45
312 4820.97
313 4759.23
314 4711.22
315 4738.56
316 4737.48
317 4731.57
318 4738.94
319 4760.49
320 4705.86
321 4784.08
322 4775.18
323 4799.92
324 4788.64
325 4857.05
326 4992.98
327 4914.17
328 4812.6
329 4856.4
330 4967.26
331 5117.59
332 5072.06
333 4887.64
334 4922.62
335 4843.39
336 4860.9
337 4816.7
338 4829.75
339 4774.82
340 4711.62
341 4779.34
342 4691.8
343 4734.28
344 4666.59
345 4641.38
346 4654.91
347 4657.93
348 4671.77
349 4685.45
350 4736.65
351 4714.9
352 4750.87
353 4738.59
354 4725.8
355 4743.43
356 4716.14
357 4656.1
358 4738.02
359 4724.63
360 4839.62
361 4809.68
362 4741.76
363 4746.43
364 4814.01
365 4706.03
366 4723.23
367 4725.01
368 4830.15
369 4802.47
370 4791.21
371 4854.25
372 4815.41
373 4870.94
374 4781.63
375 4703.96
376 4755.77
377 4851.01
378 4843.04
379 4898.47
380 5015.03
381 4929.81
382 4838.85
383 4782.34
384 4800.13
385 4846.48
386 4888.53
387 4758.72
388 4707.99
389 4710.08
390 4729.17
391 4796.41
392 4736.56
393 4716.32
394 4803.55
395 4724.26
396 4701.52
397 4774.37
398 4686.67
399 4722.66
400 4781.68
401 4886.89
402 4790.02
403 4838.66
404 4798.89
405 4733.14
406 4759.8
407 4872.95
408 4770.65
409 4765.57
410 4737.6
411 4757
412 4793.97
413 4709.41
414 4754.02
415 4734.82
416 4745.86
417 4701.88
418 4720.04
419 4699.32
420 4749.88
421 4799.21
422 4776.99
423 4834.82
424 4785.66
425 4877.61
426 4881.65
427 4856.51
428 4947.93
429 4834.11
430 4781.86
431 4765.85
432 4840.57
433 4785.84
434 4672.13
435 4671.84
436 4719.93
437 4653.86
438 4684.63
439 4642.76
440 4691.47
441 4685.43
442 4667.8
443 4664.48
444 4681.7
445 4651.41
446 4694.85
447 4713.98
448 4733.17
449 4806.72
450 4835.1
451 5001.56
452 4849.27
453 4757.36
454 4769.34
455 4784.75
456 4844.05
457 4762.58
458 4813.43
459 4793.04
460 4809.64
461 4817.11
462 4922.37
463 4861.78
464 4784.19
465 5021.39
466 5168.02
467 4869.23
468 4767.92
469 4757.14
470 4701.05
471 4697.84
472 4774.25
473 4801.24
474 4869.04
475 4721.15
476 4758.27
477 4742.77
478 4743.17
479 4836.36
480 4862.69
481 4934.29
482 4904.65
483 5036.5
484 4886.48
485 4850.53
486 4799.46
487 4803.07
488 4746.45
489 4751.24
490 4745.77
491 4719.84
492 4687.4
493 4720.56
494 4652.79
495 4676.75
496 4731.43
497 4783.52
498 4859.18
499 4804.64
500 4779.53
