1 31984
2 30094.2
3 27850.8
4 25665.9
5 24515.5
6 22623
7 21254.9
8 20443
9 19947.7
10 19157.5
11 18201
12 17646.7
13 17161.5
14 16357.1
15 15987.5
16 15054.5
17 14456.7
18 14450.9
19 13907.8
20 13437
21 13065.5
22 12939.2
23 12666.2
24 12370.4
25 12278.3
26 12132.3
27 11955.3
28 12053
29 11920.4
30 11786.3
31 11758.1
32 11950.9
33 11716.4
34 11836.4
35 11306.3
36 11170.6
37 11055.9
38 11028.9
39 10946.6
40 10710.7
41 10498.8
42 10362.1
43 10402.3
44 10294.4
45 10165.4
46 10116.5
47 10004.3
48 9953.69
49 9405.61
50 9179.06
51 9308.88
52 9302.61
53 9135.94
54 8781.2
55 8700.59
56 8419.1
57 8304.74
58 8165.92
59 8192.58
60 8077.92
61 8027.5
62 7666.88
63 7625.31
64 7628.05
65 7588.11
66 7594.38
67 7436.83
68 7226.56
69 7144.52
70 7230.94
71 7009.52
72 7089.77
73 7062.84
74 6930.17
75 6965.7
76 7008.45
77 6858.8
78 6967.13
79 6877.23
80 6839.66
81 6862.98
82 6779
83 6709.18
84 6665.39
85 6700.74
86 6666.87
87 6543.92
88 6458.07
89 6309.08
90 6315.32
91 6286.2
92 6183.23
93 6180.04
94 6295.16
95 6287.61
96 6145.8
97 6055.4
98 5979.94
99 5864.58
100 5780.37
101 5900.84
102 6081.97
103 5844.49
104 5669.8
105 5706.38
106 5706.3
107 5759.9
108 5579.62
109 5608.79
110 5698.55
111 5702.58
112 5723.35
113 5701.34
114 5731.44
115 5855.65
116 5607.17
117 5560.83
118 5608.73
119 5544.46
120 5577.31
121 5642.58
122 5627.85
123 5573.54
124 5577.41
125 5542.26
126 5640.45
127 5581.96
128 5722.53
129 5713.07
130 5625.53
131 5572.11
132 5525.72
133 5479.03
134 5492.03
135 5537.14
136 5510.66
137 5427.95
138 5329.07
139 5310.8
140 5473.97
141 5448.21
142 5407.08
143 5465.23
144 5434.79
145 5322.46
146 5275.42
147 5215.39
148 5230.14
149 5181.92
150 5205.47
151 5310.87
152 5232.51
153 5254.69
154 5259.93
155 5219.23
156 5184.26
157 5296.83
158 5260.26
159 5303.22
160 5356.1
161 5457.82
162 5346.46
163 5224.26
164 5133.8
165 5107.33
166 5101.2
167 5192.28
168 5235.76
169 5236.73
170 5235.76
171 5301.7
172 5275.85
173 5153.55
174 5061.63
175 5008.98
176 4962.17
177 4990.6
178 5049.51
179 4909.55
180 4915.83
181 4916.55
182 5002.48
183 4963.48
184 5005.76
185 4954.79
186 4972.32
187 4924.27
188 4894.37
189 4981.78
190 5101.37
191 5135.58
192 5053.01
193 5028.92
194 4999.22
195 4963.34
196 4875.54
197 4929.13
198 4962
199 4907.21
200 4881.78
201 4969.28
202 4968.79
203 4886.14
204 4874.09
205 4948.54
206 4942.91
207 5037.06
208 4944.25
209 4918.25
210 4938.67
211 5105.52
212 5060.89
213 4994.85
214 4905.39
215 4897.61
216 4881.03
217 4851.71
218 4881.27
219 4862.92
220 4805.12
221 4762.54
222 4804.5
223 4820.38
224 4853.94
225 4895.75
226 4877.09
227 4871.46
228 4958.06
229 4942.58
230 4909.57
231 4931.25
232 4892.78
233 4847.09
234 4903.89
235 4854.91
236 4941.82
237 4891.74
238 4811.33
239 4854.1
240 4893.5
241 4885.07
242 4862.35
243 4947.02
244 4827.69
245 4947.56
246 4891.96
247 4922.05
248 4893.78
249 4887.9
250 4878.42
251 4914.77
252 4992.38
253 5014.46
254 4894.9
255 4903.63
256 4827.01
257 4893.01
258 4997.19
259 4949.39
260 4983.35
261 5003.21
262 4996.91
263 4957.54
264 4909.41
265 4974.12
266 5007.94
267 5017
268 5006.3
269 4928.21
270 4850.8
271 4835.98
272 4832.72
273 4767.77
274 4773.82
275 4796.84
276 4792.27
277 4798.13
278 4865.04
279 4896.24
280 4901.78
281 5010.81
282 5019
283 4929.31
284 5024.21
285 5058.81
286 4914.24
287 4909.63
288 4938.17
289 4981.64
290 5067.72
291 5039.22
292 5003.21
293 4896.88
294 4849.91
295 4918.63
296 4945.7
297 5049.08
298 4995.7
299 5018.07
300 5072.87
301 5102.78
302 5056.07
303 5091.55
304 5058.21
305 5129.94
306 5033.75
307 4850.86
308 4844.44
309 4869.76
310 4861.53
311 4738.45
312 4873.78
313 4895.64
314 4808.27
315 4864.27
316 4807.37
317 4828.79
318 4791.19
319 4904.21
320 4864
321 4784.1
322 4903.76
323 4880.97
324 4734.03
325 4813.51
326 4794.09
327 4758.36
328 4741.73
329 4739.21
330 4731.18
331 4768.74
332 4715.14
333 4831.42
334 4864.02
335 4851.42
336 4715.3
337 4740.48
338 4743.31
339 4798.38
340 4839.29
341 4910.17
342 4892.94
343 4819.96
344 4898.72
345 4809.23
346 4784.29
347 4844.27
348 4743.44
349 4790.11
350 4792.45
351 4881.67
352 4798.73
353 4824.03
354 4789.2
355 4768.51
356 4707.15
357 4831.67
358 4794.46
359 4817.2
360 4876.07
361 4839.27
362 4839.65
363 4767.76
364 4821.14
365 4780.46
366 4748
367 4735.49
368 4723.49
369 4835.5
370 4857.88
371 4888.24
372 4840.46
373 4845.94
374 4793.44
375 4773.84
376 4655.62
377 4709.31
378 4735.44
379 4780.82
380 4736.73
381 4704.66
382 4701.43
383 4678.67
384 4790.31
385 4837.83
386 4775.51
387 4701.16
388 4686.58
389 4670.92
390 4659.56
391 4670.71
392 4742.69
393 4711.07
394 4762.41
395 4730.47
396 4732.74
397 4702.09
398 4690.5
399 4736.75
400 4832.45
401 4836.31
402 4866.82
403 4798.15
404 4831.93
405 4854.83
406 4842.61
407 4949.16
408 4735.85
409 4694.71
410 4696.73
411 4704.08
412 4739.77
413 4745.69
414 4706.65
415 4724.35
416 4788.36
417 4739.21
418 4719.05
419 4819.44
420 4706.69
421 4687.81
422 4750.17
423 4772.52
424 4718.78
425 4722.02
426 4716.16
427 4803.53
428 4737.87
429 4809.18
430 4697.24
431 4654.37
432 4716.42
433 4762.59
434 4694.99
435 4689.36
436 4751.6
437 4789.59
438 4715.3
439 4764.96
440 4684.64
441 4690.23
442 4726.24
443 4773.18
444 4677.35
445 4639.58
446 4676.96
447 4623.36
448 4622.33
449 4634.48
450 4637.87
451 4638.11
452 4693.54
453 4697.87
454 4727.45
455 4656.51
456 4661.22
457 4678.56
458 4686.6
459 4704.44
460 4666.86
461 4754.63
462 4691.98
463 4735.27
464 4728.8
465 4760.49
466 4733.46
467 4786.05
468 4850.54
469 4813.45
470 4719.49
471 4694.03
472 4727.66
473 4665.61
474 4661.98
475 4707.53
476 4709.28
477 4704.84
478 4719.78
479 4676.07
480 4727.47
481 4779.7
482 4893.74
483 5130.22
484 4909.18
485 4853.09
486 4822.39
487 4762.69
488 4737.01
489 4679.4
490 4700.14
491 4767.34
492 4829.99
493 4684.1
494 4796.96
495 4681.49
496 4750.56
497 4766.24
498 4849.65
499 4787.62
500 4869.9
