1 34816.7
2 32411.7
3 30235.3
4 29198.4
5 27654.3
6 26432.3
7 25570.8
8 24585.1
9 23316.1
10 21381.4
11 20589.4
12 19950
13 19087.8
14 18514
15 17819.1
16 16908.2
17 16466.8
18 16139.1
19 15469.8
20 14980.4
21 14464.8
22 13964.7
23 13543.9
24 13157
25 12806
26 12525.7
27 12076
28 11973.6
29 11806.8
30 11589.4
31 11299.2
32 11063.7
33 10833.8
34 10546.2
35 10360
36 10137.5
37 9765.2
38 9531.24
39 9282.73
40 8962.04
41 8905.4
42 8888.36
43 8881.79
44 8680.46
45 8698.89
46 8715.16
47 8792.34
48 8609.78
49 8610.5
50 8322.93
51 8261.56
52 8218.24
53 8231.01
54 8245.7
55 8235.42
56 8125.22
57 7998.61
58 7881.69
59 7939.92
60 8053.71
61 7998.74
62 8035.01
63 8081.31
64 7994.1
65 8007.48
66 7966.84
67 7899.38
68 8009.37
69 7999.93
70 7992.1
71 8046.89
72 8078.29
73 7769.9
74 7514.44
75 7534.22
76 7741.46
77 7284.19
78 7040.24
79 7114.15
80 7002.22
81 6821.21
82 6669.49
83 6599.27
84 6420.19
85 6504.79
86 6400.65
87 6452.35
88 6399.04
89 6371.95
90 6241.39
91 6351.73
92 6321.83
93 6458.74
94 6368.89
95 6268.25
96 6298.29
97 6286.05
98 6236.21
99 6229.09
100 6268.55
101 6190.21
102 6135
103 6132.84
104 6050.87
105 6151.12
106 5945.63
107 5859.9
108 5867.6
109 5886.3
110 5941.95
111 6000.33
112 5968.46
113 5976.2
114 5841.26
115 5869.47
116 5923.74
117 5911.62
118 5928.21
119 5793.82
120 5845.71
121 5791.45
122 5860.47
123 5827
124 5756.68
125 5698.88
126 5682.01
127 5713.07
128 5732.39
129 5696.9
130 5630.7
131 5792.25
132 5709.5
133 5478.19
134 5498.6
135 5478.88
136 5359.91
137 5404.06
138 5533.21
139 5494.38
140 5707.86
141 5669.14
142 5528.43
143 5455.11
144 5527.52
145 5501.62
146 5632.63
147 5507.02
148 5403.03
149 5432.06
150 5304.08
151 5324.92
152 5378
153 5257.82
154 5284.93
155 5368.21
156 5435.2
157 5297.06
158 5275.78
159 5285.92
160 5285.21
161 5237.01
162 5250.22
163 5212.47
164 5229.18
165 5250.85
166 5183.97
167 5179.49
168 5245.11
169 5245.94
170 5258.16
171 5203.15
172 5165.57
173 5145.38
174 5117.68
175 5163.74
176 5148.3
177 5125.27
178 5262.3
179 5233.34
180 5380.4
181 5437.15
182 5204.61
183 5171.03
184 5192.03
185 5151.51
186 5166.22
187 5004.05
188 5121.92
189 5088.4
190 5181.93
191 4982.67
192 4955.95
193 4934.44
194 4850.03
195 4825.97
196 4845.9
197 4861.79
198 4882.41
199 4961.72
200 5008.89
201 5024.96
202 5070.99
203 5107.96
204 4946.42
205 4981.14
206 5034.87
207 5113.07
208 4924.23
209 5012.92
210 5165.29
211 4979.18
212 5135.65
213 5048.45
214 4944.54
215 4917.56
216 4962.38
217 4936.98
218 4960.55
219 5040.15
220 4928.82
221 5040.65
222 5028.22
223 5162.48
224 5124.27
225 5194.93
226 5007.5
227 4971.27
228 5002.91
229 4954.43
230 5092.53
231 5015.84
232 4987.71
233 4969.99
234 5005.06
235 4990.33
236 4902.23
237 5144.7
238 5182.9
239 5028.31
240 4972.4
241 4866.08
242 4912.99
243 4866.22
244 4915.79
245 4939.21
246 4957.31
247 5108.23
248 4980.13
249 5002.88
250 4905.52
251 4836.62
252 4825.8
253 4788.38
254 4833.38
255 4746.82
256 4804.58
257 4919.71
258 5163.67
259 5022.24
260 4980.26
261 4968.15
262 4988.61
263 5030.68
264 5006.8
265 4929.58
266 4881.23
267 4809.4
268 4891.4
269 4966.08
270 4975.18
271 4897.04
272 4838.51
273 4892.41
274 4823.97
275 4804.12
276 4831.88
277 4820.62
278 4748.71
279 4785.32
280 4875.11
281 4827.45
282 4871.18
283 4879.6
284 4888.46
285 4827.71
286 4843.94
287 4843.97
288 4833.88
289 4785.84
290 4806.98
291 4966.85
292 4935.39
293 4826.87
294 4873.34
295 4774.1
296 4747.61
297 4725.34
298 4770.09
299 4832.33
300 4860.71
301 4781.95
302 4845.29
303 4875.69
304 4823.69
305 4811.92
306 4780.74
307 4769.54
308 4882.56
309 4855.26
310 4868.01
311 4972.28
312 4891.76
313 4943.47
314 4869.48
315 4853.23
316 4829.03
317 4890.45
318 4885.56
319 4850.21
320 4876.08
321 4906.34
322 4890.68
323 4862.15
324 4926.26
325 4822.57
326 4813.41
327 4830.53
328 4818.95
329 4796.9
330 4790.94
331 4826.25
332 4845.28
333 4916.41
334 4774.84
335 4848.68
336 4852.16
337 4896.99
338 4804.78
339 4811.32
340 4719.86
341 4716.78
342 4682.35
343 4675.65
344 4734.38
345 4747.61
346 4778.35
347 4848.15
348 4870.88
349 4834.82
350 4844.09
351 4789.77
352 4713.77
353 4731.23
354 4793.31
355 4804.31
356 4812.19
357 4737.26
358 4724.42
359 4759.59
360 4723.15
361 4689.5
362 4772.11
363 4884
364 4904.19
365 4868.27
366 4848.4
367 4942.37
368 4964.17
369 4865.56
370 4904.59
371 4903.86
372 4816.4
373 4899.26
374 4904.59
375 4952.55
376 4969.32
377 5031.88
378 4903.19
379 4822.52
380 4772.56
381 4764.59
382 4792.81
383 4815.06
384 4776.12
385 4834.76
386 4752.2
387 4713.29
388 4851.55
389 4862.78
390 4890.16
391 4805.36
392 4792.12
393 4793.97
394 4871.57
395 4888
396 4771.19
397 4729.8
398 4740.53
399 4728.92
400 4726.15
401 4845.57
402 4824.36
403 4802.9
404 4786.06
405 4849.51
406 4891.16
407 4890.83
408 4820.06
409 4862.6
410 4870.52
411 4815.81
412 4722.21
413 4660.76
414 4695.17
415 4740.1
416 4769.72
417 4757.36
418 4686.6
419 4742.82
420 4696.85
421 4762.71
422 4782.74
423 4826.86
424 4857.34
425 4884.64
426 4805.46
427 4858.57
428 4894.77
429 4829.37
430 4728.45
431 4770.42
432 4947.69
433 5071.6
434 4977.9
435 4731.81
436 4708.68
437 4669.76
438 4715.73
439 4759.08
440 4684.53
441 4662.19
442 4740.15
443 4716.25
444 4746.37
445 4785.78
446 4668.16
447 4666.11
448 4672.32
449 4696.1
450 4685.87
451 4794.72
452 4826.87
453 4881.64
454 4855.13
455 4823.15
456 4738.28
457 4753.68
458 4757.19
459 4809.18
460 4824.92
461 4775.46
462 4835.78
463 4900.69
464 4921.63
465 4815.8
466 4866.14
467 4824.13
468 4869.38
469 4817.47
470 4741.45
471 4758.17
472 4810.17
473 4727.8
474 4737.16
475 4722.03
476 4744.9
477 4836.85
478 4768.57
479 4739.06
480 4736.69
481 4717.29
482 4753.93
483 4712.91
484 4685.59
485 4646.97
486 4655.54
487 4680.01
488 4694.4
489 4740.22
490 4689.75
491 4682.1
492 4691.46
493 4745
494 4790.71
495 4808.69
496 4770.05
497 4754.46
498 4700.59
499 4706.63
500 4764.2
