1 31984
2 30094.2
3 27850.8
4 25665.9
5 24515.5
6 22623
7 21254.9
8 20443
9 19947.7
10 19157.5
11 18221.8
12 17619.5
13 17115.9
14 16257.1
15 15940.9
16 15248
17 14845
18 14883.8
19 14435.9
20 14079.4
21 13756.1
22 13724.3
23 13195.5
24 12860.3
25 12581.2
26 12217.4
27 12006.9
28 12001.4
29 11787.4
30 11587.9
31 11284
32 11302.4
33 11143.9
34 11221.5
35 10839.1
36 10862.1
37 10769
38 10669.9
39 10546.5
40 10345.6
41 10254.9
42 10086.3
43 10089.7
44 9930.44
45 9734.72
46 9652.53
47 9573.59
48 9584.84
49 9427.5
50 9303.96
51 9375.84
52 9370.71
53 9368.56
54 9130.92
55 9108.29
56 9032.46
57 8878.35
58 8715.64
59 8703.12
60 8678.18
61 8585.34
62 8439.63
63 8392.25
64 8387.84
65 8300.41
66 8259.67
67 8129.55
68 8073.83
69 8023.95
70 8210.24
71 7862.4
72 7886.97
73 7782.15
74 7526.28
75 7498.62
76 7417.36
77 7230.33
78 7232.41
79 7192.54
80 7141.43
81 7148.31
82 7103.42
83 7027.69
84 6954.54
85 6955.21
86 6878.03
87 6830.2
88 6828.32
89 6712.27
90 6697.71
91 6701.85
92 6574
93 6527.23
94 6535.25
95 6524.68
96 6461.48
97 6395.21
98 6359.97
99 6362.54
100 6336.67
101 6369.92
102 6434.7
103 6359.74
104 6222.97
105 6321.77
106 6318.72
107 6329.93
108 6016.47
109 6047.27
110 6080.37
111 6100.4
112 6013.47
113 5954.47
114 5865.75
115 5957.33
116 5708.44
117 5648.49
118 5770.41
119 5710.64
120 5756.66
121 5841.26
122 5813.51
123 5793.58
124 5711.6
125 5649.99
126 5690.59
127 5603.43
128 5709.85
129 5697.75
130 5639.92
131 5623.48
132 5512.46
133 5532.51
134 5559.69
135 5610.94
136 5591.29
137 5507.4
138 5446.67
139 5438.53
140 5637.81
141 5601.07
142 5540.03
143 5626.7
144 5529.31
145 5424.33
146 5388.99
147 5283.4
148 5295.57
149 5253.39
150 5296.49
151 5407.38
152 5345.88
153 5362.75
154 5333.4
155 5294.6
156 5272.73
157 5432.7
158 5385.79
159 5441.23
160 5515.83
161 5645.41
162 5501.11
163 5409.34
164 5234.14
165 5165.68
166 5126.91
167 5201.13
168 5258.51
169 5245.22
170 5276.23
171 5323.26
172 5306.25
173 5222.69
174 5170.55
175 5125.17
176 5109.93
177 5138.36
178 5216.74
179 5112.01
180 5095.25
181 5093.17
182 5199.75
183 5185.02
184 5146.26
185 5073.19
186 5083.04
187 5035.35
188 5039.72
189 5080.18
190 5174.27
191 5305.14
192 5322.82
193 5313.44
194 5262.82
195 5193.52
196 5099.14
197 5201.89
198 5189.75
199 5089.04
200 5080.2
201 5121.67
202 5102.2
203 5140.8
204 5163.84
205 5192.88
206 5269.17
207 5415.92
208 5208.73
209 5059.14
210 5000.87
211 5087.03
212 5018.24
213 4942.41
214 4901.93
215 4923.22
216 4877.82
217 4845.38
218 4888.05
219 4891.38
220 4847.55
221 4835.93
222 4882.15
223 4939.13
224 4963.74
225 5020.71
226 4932.72
227 4903.32
228 4942.91
229 4848.53
230 4827.73
231 4856.05
232 4856.27
233 4814.04
234 4865.9
235 4919.9
236 4974.99
237 4966.67
238 4916.59
239 5013.02
240 4960.93
241 5004.8
242 4892.11
243 4981.22
244 4914.58
245 5049.66
246 5084.77
247 5165.38
248 5156.56
249 5099.85
250 5011.14
251 4977.1
252 5082.24
253 5087.98
254 4965.87
255 4972.34
256 4909.89
257 4999.53
258 5104.9
259 5000.02
260 5032.66
261 5016.77
262 5006.82
263 4966.1
264 4903.07
265 4992.65
266 5063.65
267 5112.84
268 5076.86
269 5060.56
270 4970.12
271 4970.11
272 4976.76
273 4849.13
274 4922.8
275 4928.97
276 4967.12
277 4958.45
278 5040.16
279 5053.98
280 5038.34
281 5050.32
282 5046.81
283 4955.59
284 5068.52
285 5051.14
286 4897.87
287 4863.5
288 4914.15
289 4972.16
290 5062.93
291 5040.77
292 5090.9
293 4986.73
294 4884.86
295 4953.95
296 4978.2
297 5066.24
298 5028.59
299 5094.45
300 5131.28
301 5156.36
302 5102.42
303 5161.12
304 5062.71
305 5149.89
306 4998.54
307 4865.8
308 4908.15
309 4971.07
310 4951.33
311 4870.79
312 4985.68
313 4941.34
314 4862.79
315 4900.96
316 4825.35
317 4816.39
318 4817.62
319 4943.78
320 4880.57
321 4794.86
322 4943.6
323 4887.83
324 4753.13
325 4862.83
326 4812.64
327 4776.81
328 4739.73
329 4729.79
330 4714.16
331 4761.54
332 4710.37
333 4821.94
334 4861.39
335 4855.57
336 4735.62
337 4760.21
338 4784.92
339 4822.67
340 4854.86
341 4892.53
342 4912.01
343 4823.53
344 4931.69
345 4868.73
346 4832.65
347 4850.48
348 4761
349 4841.17
350 4818.81
351 4918.79
352 4835.26
353 4848.15
354 4830.93
355 4818.97
356 4702.31
357 4910.13
358 4805.38
359 4843.22
360 4858.69
361 4788.86
362 4791.8
363 4722.32
364 4751.01
365 4737.26
366 4689.78
367 4706.99
368 4682.43
369 4793.05
370 4804.34
371 4838.41
372 4833.48
373 4864.2
374 4763.11
375 4726.41
376 4643.71
377 4704.26
378 4738.8
379 4779.01
380 4704.47
381 4674.85
382 4702.81
383 4678.34
384 4777.96
385 4775.21
386 4735.35
387 4673.86
388 4668.15
389 4661.17
390 4658.76
391 4664.54
392 4741.07
393 4703.82
394 4748.1
395 4739.16
396 4726.89
397 4686.24
398 4676.53
399 4733.39
400 4823.09
401 4848.95
402 4910.94
403 4808.53
404 4870.37
405 4865.23
406 4801.39
407 4886.67
408 4727.58
409 4697.02
410 4732.03
411 4716.6
412 4808.72
413 4803.87
414 4743.59
415 4757.53
416 4821.5
417 4742.58
418 4758.82
419 4842.35
420 4726.48
421 4688.36
422 4738.83
423 4755.66
424 4694.58
425 4704.29
426 4668.15
427 4743.82
428 4741.17
429 4817.77
430 4717.92
431 4671.43
432 4752.88
433 4802.55
434 4713.9
435 4699.16
436 4774.85
437 4831.26
438 4764.54
439 4816.23
440 4692.28
441 4705.08
442 4752.83
443 4793.89
444 4712.81
445 4667.79
446 4682.9
447 4628.09
448 4624.38
449 4621.06
450 4621.29
451 4624.1
452 4687.98
453 4717.21
454 4715.2
455 4667.07
456 4675.72
457 4661.86
458 4685.15
459 4713.22
460 4673.49
461 4792.04
462 4722.06
463 4741.49
464 4720.8
465 4729.59
466 4720.44
467 4785.09
468 4845.24
469 4801.2
470 4779.72
471 4738.68
472 4771.31
473 4703.86
474 4691.87
475 4726.02
476 4697.02
477 4703.75
478 4719.49
479 4685.95
480 4738.76
481 4781.22
482 4915.69
483 5129.3
484 4924.36
485 4858.85
486 4833.54
487 4742.47
488 4728.31
489 4668.32
490 4692.79
491 4737.34
492 4775.26
493 4654.03
494 4744.47
495 4659.72
496 4721.52
497 4740.62
498 4848.73
499 4765.81
500 4792.07
