1 27490.3
2 27490.3
3 24776.1
4 24650.9
5 24223.1
6 24102.6
7 19373.2
8 19298
9 18986.6
10 17416.3
11 16983
12 16983
13 16208.5
14 16208.5
15 15372.1
16 14723.6
17 14056.3
18 13369
19 12831.8
20 12831.8
21 12650.2
22 12385.7
23 11408.8
24 11408.8
25 11408.8
26 11028.5
27 10779.2
28 10779.2
29 10071.1
30 9968.34
31 9913.23
32 9913.23
33 9856.18
34 9437.76
35 9093.29
36 8604.49
37 8471.58
38 8471.58
39 8291.77
40 8268.26
41 8244.52
42 8111.77
43 8111.77
44 8028.7
45 8028.7
46 8028.7
47 8028.7
48 8028.7
49 8028.7
50 8028.7
51 7861.87
52 7861.87
53 7722.94
54 7722.94
55 7666.33
56 7633.31
57 7632.22
58 7632.22
59 7632.22
60 7623.96
61 7622.86
62 7584.07
63 7483.16
64 7483.16
65 7434.68
66 7434.68
67 7406.08
68 7406.08
69 7138.93
70 7138.93
71 6665.43
72 6665.43
73 6665.43
74 6629.23
75 6385.46
76 6385.46
77 6309.73
78 6252.04
79 6229.81
80 6217.61
81 6175.43
82 6083.49
83 6030.14
84 6028.54
85 5943.86
86 5943.86
87 5888.91
88 5888.91
89 5888.91
90 5888.91
91 5888.91
92 5888.91
93 5884.55
94 5884.55
95 5743.58
96 5743.58
97 5739.22
98 5739.22
99 5739.22
100 5739.22
101 5625.75
102 5625.75
103 5621.39
104 5621.39
105 5617.14
106 5572.72
107 5572.72
108 5564.11
109 5516.06
110 5498.15
111 5459.49
112 5459.49
113 5459.49
114 5459.49
115 5459.49
116 5459.49
117 5459.49
118 5450.11
119 5450.11
120 5450.11
121 5450.11
122 5445.86
123 5395.2
124 5395.2
125 5280.29
126 5280.29
127 5280.29
128 5280.29
129 5238.43
130 5238.43
131 5238.43
132 5238.43
133 5219.76
134 5189.66
135 5189.66
136 5189.66
137 5170.99
138 5167.18
139 5167.18
140 5167.18
141 5167.18
142 5167.18
143 5165.01
144 5165.01
145 5165.01
146 5132.68
147 5130.51
148 5130.51
149 5130.51
150 5130.51
151 5130.51
152 5130.51
153 5130.51
154 5097.5
155 5097.5
156 5092.62
157 5092.62
158 5088.27
159 5051.76
160 5051.76
161 4973.72
162 4973.72
163 4973.72
164 4973.72
165 4973.72
166 4973.72
167 4973.72
168 4973.72
169 4973.72
170 4973.72
171 4969.11
172 4969.11
173 4956.1
174 4956.1
175 4956.1
176 4951.5
177 4827.34
178 4827.34
179 4827.34
180 4822.73
181 4822.73
182 4822.73
183 4822.73
184 4822.73
185 4822.73
186 4822.73
187 4822.73
188 4822.73
189 4822.73
190 4822.73
191 4822.73
192 4822.73
193 4822.73
194 4822.73
195 4822.73
196 4822.73
197 4820.81
198 4820.81
199 4800.67
200 4800.67
201 4800.67
202 4798.75
203 4781.39
204 4781.39
205 4779.47
206 4771.98
207 4771.98
208 4770.06
209 4770.06
210 4770.06
211 4770.06
212 4770.06
213 4770.06
214 4760.94
215 4760.94
216 4760.94
217 4760.94
218 4760.94
219 4760.94
220 4760.94
221 4727.84
222 4727.84
223 4727.84
224 4727.84
225 4721.51
226 4721.51
227 4721.51
228 4721.51
229 4721.51
230 4721.51
231 4721.51
232 4721.51
233 4721.51
234 4701.97
235 4701.97
236 4701.97
237 4701.97
238 4701.97
239 4701.97
240 4701.97
241 4676.08
242 4676.08
243 4676.08
244 4676.08
245 4676.08
246 4676.08
247 4676.08
248 4675.33
249 4675.33
250 4675.33
251 4675.33
252 4675.33
253 4675.33
254 4675.33
255 4675.33
256 4675.33
257 4675.33
258 4675.33
259 4675.33
260 4675.33
261 4675.33
262 4675.33
263 4675.33
264 4675.33
265 4675.33
266 4675.33
267 4675.33
268 4675.33
269 4669.61
270 4669.61
271 4669.61
272 4669.61
273 4669.61
274 4669.61
275 4669.61
276 4669.61
277 4669.61
278 4669.61
279 4669.61
280 4669.61
281 4669.61
282 4669.61
283 4669.61
284 4669.61
285 4669.61
286 4669.61
287 4669.61
288 4669.61
289 4669.61
290 4669.61
291 4669.61
292 4669.61
293 4669.61
294 4667.58
295 4667.58
296 4667.58
297 4667.58
298 4667.58
299 4667.58
300 4667.58
301 4667.58
302 4667.58
303 4648.69
304 4648.69
305 4648.69
306 4648.69
307 4648.69
308 4648.69
309 4648.69
310 4648.69
311 4648.69
312 4648.69
313 4648.69
314 4648.69
315 4648.69
316 4648.69
317 4648.69
318 4648.69
319 4648.69
320 4648.69
321 4623.19
322 4623.19
323 4612.56
324 4612.56
325 4612.56
326 4612.56
327 4612.56
328 4612.56
329 4612.56
330 4612.56
331 4612.56
332 4607.76
333 4607.76
334 4607.76
335 4607.76
336 4607.76
337 4607.76
338 4607.76
339 4607.76
340 4607.76
341 4607.76
342 4607.76
343 4607.76
344 4607.76
345 4607.76
346 4607.76
347 4607.76
348 4607.76
349 4607.76
350 4607.76
351 4607.76
352 4607.76
353 4607.76
354 4607.76
355 4607.76
356 4607.76
357 4607.76
358 4607.76
359 4607.76
360 4607.76
361 4607.76
362 4607.76
363 4607.76
364 4607.76
365 4607.76
366 4607.76
367 4607.76
368 4607.76
369 4607.76
370 4607.76
371 4607.76
372 4607.76
373 4607.76
374 4607.76
375 4607.76
376 4607.76
377 4607.76
378 4607.76
379 4607.76
380 4607.76
381 4607.76
382 4607.76
383 4607.76
384 4607.76
385 4607.76
386 4607.76
387 4607.76
388 4607.76
389 4607.76
390 4607.76
391 4607.76
392 4607.76
393 4607.76
394 4607.76
395 4607.76
396 4607.76
397 4607.76
398 4607.76
399 4607.76
400 4607.76
401 4607.76
402 4607.76
403 4607.76
404 4607.76
405 4607.76
406 4607.76
407 4607.76
408 4607.76
409 4607.76
410 4607.76
411 4607.76
412 4607.76
413 4607.76
414 4607.76
415 4607.76
416 4607.76
417 4607.76
418 4607.76
419 4607.76
420 4607.76
421 4607.76
422 4607.76
423 4607.76
424 4607.76
425 4607.76
426 4607.76
427 4607.76
428 4607.76
429 4607.76
430 4607.76
431 4603.04
432 4603.04
433 4603.04
434 4603.04
435 4603.04
436 4603.04
437 4603.04
438 4603.04
439 4603.04
440 4603.04
441 4603.04
442 4603.04
443 4603.04
444 4603.04
445 4603.04
446 4603.04
447 4603.04
448 4603.04
449 4603.04
450 4603.04
451 4603.04
452 4603.04
453 4603.04
454 4603.04
455 4603.04
456 4603.04
457 4603.04
458 4603.04
459 4603.04
460 4603.04
461 4603.04
462 4603.04
463 4603.04
464 4603.04
465 4603.04
466 4603.04
467 4603.04
468 4603.04
469 4603.04
470 4603.04
471 4603.04
472 4603.04
473 4603.04
474 4603.04
475 4603.04
476 4603.04
477 4603.04
478 4603.04
479 4603.04
480 4603.04
481 4603.04
482 4603.04
483 4603.04
484 4603.04
485 4603.04
486 4603.04
487 4603.04
488 4603.04
489 4603.04
490 4603.04
491 4603.04
492 4603.04
493 4603.04
494 4603.04
495 4603.04
496 4603.04
497 4603.04
498 4603.04
499 4603.04
500 4603.04
