1 25172.5
2 21279
3 21279
4 19904.9
5 19904.9
6 18241.8
7 17788.9
8 16809.9
9 16770
10 15840.9
11 14854.8
12 14534.5
13 14072.3
14 14072.3
15 13414.5
16 12229.4
17 12001
18 11953.2
19 11875.4
20 11800.1
21 11690.5
22 11690.5
23 11408.1
24 11343.4
25 11213.2
26 11157.6
27 11080.2
28 10438
29 10438
30 10438
31 10438
32 10058
33 9994.62
34 9772.98
35 9690.09
36 9690.09
37 9681.23
38 9634.75
39 9322.67
40 9322.67
41 9092.4
42 9037.01
43 8752.47
44 8752.47
45 8735.54
46 8735.54
47 8694.54
48 8579.98
49 8244.15
50 7900.06
51 7843.95
52 7808.34
53 7808.34
54 7618.34
55 7618.34
56 7611.63
57 7523.04
58 7523.04
59 7021.01
60 6925.71
61 6925.71
62 6752.18
63 6752.18
64 6752.18
65 6743.73
66 6743.73
67 6716.21
68 6665.43
69 6665.26
70 6665.26
71 6589.08
72 6589.08
73 6571.96
74 6452.2
75 6452.2
76 6452.2
77 6452.2
78 6452.2
79 6428.16
80 6374.26
81 6321.13
82 6307.77
83 6111.92
84 6111.92
85 6096.8
86 6096.8
87 6045.42
88 6033.3
89 5969.4
90 5966.8
91 5903.2
92 5627.6
93 5627.6
94 5627.6
95 5577.98
96 5577.98
97 5577.98
98 5551.37
99 5551.37
100 5479.57
101 5479.57
102 5479.57
103 5437.94
104 5437.94
105 5437.94
106 5428.67
107 5428.67
108 5428.67
109 5408.59
110 5392.62
111 5392.62
112 5392.62
113 5392.62
114 5384.99
115 5346.91
116 5346.91
117 5339.29
118 5322.94
119 5322.94
120 5322.94
121 5322.94
122 5322.94
123 5315.32
124 5315.32
125 5315.32
126 5315.32
127 5315.32
128 5313.92
129 5274.07
130 5274.07
131 5244.42
132 5243.01
133 5203.17
134 5203.17
135 5203.17
136 5203.17
137 5203.17
138 5182.24
139 5182.24
140 5090.66
141 5090.66
142 5090.66
143 5090.66
144 5069.73
145 5069.73
146 5069.73
147 5069.73
148 5069.73
149 4997.55
150 4997.55
151 4997.55
152 4997.55
153 4973.72
154 4973.72
155 4973.72
156 4973.72
157 4973.72
158 4971.96
159 4971.96
160 4971.96
161 4971.96
162 4971.88
163 4971.88
164 4971.88
165 4955.02
166 4955.02
167 4941.49
168 4939.84
169 4905.65
170 4825.52
171 4822.12
172 4816.61
173 4816.61
174 4813.21
175 4808.53
176 4800.83
177 4791.92
178 4791.92
179 4791.92
180 4791.92
181 4791.92
182 4791.92
183 4775.68
184 4775.68
185 4756.31
186 4756.31
187 4756.31
188 4756.31
189 4740.07
190 4740.07
191 4740.07
192 4740.07
193 4740.07
194 4740.07
195 4740.07
196 4740.07
197 4740.07
198 4740.07
199 4740.07
200 4740.07
201 4740.07
202 4740.07
203 4740.07
204 4737.3
205 4737.3
206 4737.3
207 4737.3
208 4737.3
209 4737.3
210 4737.3
211 4737.3
212 4737.3
213 4737.3
214 4737.3
215 4737.3
216 4737.3
217 4727.84
218 4727.84
219 4727.84
220 4727.84
221 4727.84
222 4727.84
223 4727.84
224 4714.8
225 4714.8
226 4714.8
227 4709.27
228 4709.27
229 4702.44
230 4702.44
231 4702.44
232 4702.44
233 4702.44
234 4702.44
235 4702.44
236 4702.44
237 4702.44
238 4702.44
239 4702.44
240 4702.44
241 4697.11
242 4697.11
243 4697.11
244 4697.11
245 4697.11
246 4697.11
247 4697.11
248 4697.11
249 4697.11
250 4697.11
251 4697.11
252 4697.11
253 4697.11
254 4697.11
255 4697.11
256 4697.11
257 4696.17
258 4696.17
259 4696.17
260 4696.17
261 4696.17
262 4696.17
263 4696.17
264 4696.17
265 4696.17
266 4696.17
267 4696.17
268 4696.17
269 4696.17
270 4696.17
271 4696.17
272 4696.17
273 4696.17
274 4696.17
275 4690.07
276 4690.07
277 4690.07
278 4690.07
279 4690.07
280 4690.07
281 4690.07
282 4690.07
283 4690.07
284 4690.07
285 4673.51
286 4673.51
287 4673.51
288 4673.51
289 4673.51
290 4673.51
291 4673.51
292 4673.51
293 4673.51
294 4673.51
295 4673.51
296 4673.51
297 4673.51
298 4661.06
299 4661.06
300 4661.06
301 4661.06
302 4651.44
303 4623.19
304 4623.19
305 4623.19
306 4623.19
307 4623.19
308 4623.19
309 4623.19
310 4623.19
311 4623.19
312 4622.57
313 4622.57
314 4622.57
315 4622.57
316 4622.57
317 4622.57
318 4622.57
319 4622.57
320 4622.57
321 4622.57
322 4622.57
323 4622.57
324 4622.57
325 4622.57
326 4622.57
327 4622.57
328 4622.57
329 4622.57
330 4622.57
331 4622.57
332 4622.57
333 4622.57
334 4622.57
335 4622.57
336 4622.57
337 4622.57
338 4622.57
339 4622.57
340 4622.57
341 4622.57
342 4622.57
343 4622.57
344 4622.57
345 4622.57
346 4622.57
347 4622.57
348 4622.57
349 4622.57
350 4622.57
351 4622.57
352 4622.57
353 4622.57
354 4622.57
355 4622.57
356 4622.57
357 4622.57
358 4622.57
359 4622.57
360 4622.57
361 4622.57
362 4622.57
363 4622.57
364 4622.57
365 4622.57
366 4622.57
367 4622.57
368 4622.57
369 4622.57
370 4622.57
371 4622.57
372 4622.57
373 4622.57
374 4622.57
375 4622.57
376 4622.57
377 4622.57
378 4622.57
379 4622.57
380 4622.57
381 4603.04
382 4603.04
383 4603.04
384 4603.04
385 4603.04
386 4603.04
387 4603.04
388 4603.04
389 4603.04
390 4603.04
391 4603.04
392 4603.04
393 4603.04
394 4603.04
395 4603.04
396 4603.04
397 4603.04
398 4603.04
399 4603.04
400 4603.04
401 4603.04
402 4603.04
403 4603.04
404 4603.04
405 4603.04
406 4603.04
407 4603.04
408 4603.04
409 4603.04
410 4603.04
411 4603.04
412 4603.04
413 4603.04
414 4603.04
415 4603.04
416 4603.04
417 4603.04
418 4603.04
419 4603.04
420 4603.04
421 4603.04
422 4603.04
423 4603.04
424 4603.04
425 4603.04
426 4603.04
427 4603.04
428 4603.04
429 4603.04
430 4603.04
431 4603.04
432 4603.04
433 4603.04
434 4603.04
435 4603.04
436 4603.04
437 4603.04
438 4603.04
439 4603.04
440 4603.04
441 4603.04
442 4603.04
443 4603.04
444 4603.04
445 4603.04
446 4603.04
447 4603.04
448 4603.04
449 4603.04
450 4603.04
451 4603.04
452 4603.04
453 4603.04
454 4603.04
455 4603.04
456 4603.04
457 4603.04
458 4603.04
459 4603.04
460 4603.04
461 4603.04
462 4603.04
463 4603.04
464 4603.04
465 4603.04
466 4603.04
467 4603.04
468 4603.04
469 4603.04
470 4603.04
471 4603.04
472 4603.04
473 4603.04
474 4603.04
475 4603.04
476 4603.04
477 4603.04
478 4603.04
479 4603.04
480 4603.04
481 4603.04
482 4603.04
483 4603.04
484 4603.04
485 4603.04
486 4603.04
487 4603.04
488 4603.04
489 4603.04
490 4603.04
491 4598.32
492 4598.32
493 4598.32
494 4598.32
495 4598.32
496 4598.32
497 4598.32
498 4598.32
499 4598.32
500 4598.32
