1 25172.5
2 21279
3 21279
4 19904.9
5 19904.9
6 18241.8
7 17788.9
8 16809.9
9 16770
10 15840.9
11 14854.8
12 14534.5
13 14428.9
14 13951.4
15 13841.5
16 13480.2
17 13171.4
18 12727.1
19 12727.1
20 11646.9
21 11646.9
22 11323.8
23 11323.8
24 11202.1
25 11048.9
26 10929.1
27 10833.2
28 10478.5
29 10478.5
30 10478.5
31 10420.6
32 10304.9
33 10304.9
34 10125.8
35 10083.6
36 9956.01
37 9722.6
38 9650.92
39 9650.92
40 9594.43
41 9417.51
42 9338.15
43 9205.73
44 9205.73
45 9198.29
46 9198.29
47 9035.7
48 9028.26
49 8937.3
50 8712.38
51 8579.41
52 8579.41
53 8579.41
54 8480.5
55 8224.37
56 8224.37
57 8190.49
58 8190.49
59 8067.63
60 8041.82
61 7611.37
62 7611.37
63 7611.37
64 7470.63
65 7470.63
66 7419.54
67 7390.55
68 7319.34
69 7280.33
70 7101.96
71 6982.36
72 6982.36
73 6939.55
74 6921.25
75 6921.25
76 6873.41
77 6826.76
78 6812.18
79 6812.18
80 6812.18
81 6796.41
82 6606.99
83 6606.99
84 6606.99
85 6536.82
86 6536.82
87 6536.82
88 6377.33
89 6377.33
90 6377.33
91 6320.33
92 6257.44
93 6252.89
94 6252.89
95 6229.23
96 6229.23
97 6229.23
98 6229.23
99 6229.23
100 6110.88
101 5479.57
102 5479.57
103 5479.57
104 5479.57
105 5479.57
106 5479.57
107 5473.71
108 5473.71
109 5459.49
110 5459.49
111 5453.64
112 5453.64
113 5453.64
114 5446.02
115 5446.02
116 5395.98
117 5395.98
118 5390.13
119 5390.13
120 5390.13
121 5390.13
122 5388.06
123 5388.06
124 5371.29
125 5371.29
126 5371.29
127 5369.22
128 5369.22
129 5369.22
130 5352.62
131 5352.62
132 5350.55
133 5347.58
134 5328.98
135 5328.98
136 5319.22
137 5314.63
138 5277.36
139 5277.36
140 5183.45
141 5183.45
142 5164.85
143 5164.85
144 5092.67
145 5092.67
146 5092.67
147 5092.67
148 5083.03
149 5083.03
150 5067.59
151 5067.59
152 5067.59
153 5014.1
154 5014.1
155 5014.1
156 5008.04
157 5008.04
158 5008.04
159 4998.66
160 4998.66
161 4998.66
162 4998.66
163 4998.66
164 4982.52
165 4982.52
166 4982.52
167 4965.1
168 4952.32
169 4952.32
170 4952.32
171 4952.32
172 4926.64
173 4926.64
174 4918.76
175 4918.76
176 4918.76
177 4918.76
178 4918.76
179 4918.76
180 4912.23
181 4912.23
182 4912.23
183 4912.23
184 4909.93
185 4909.93
186 4909.93
187 4888.36
188 4888.36
189 4888.36
190 4888.36
191 4888.36
192 4885.07
193 4881.84
194 4881.84
195 4878.55
196 4878.55
197 4878.55
198 4878.55
199 4878.55
200 4878.55
201 4753.55
202 4753.55
203 4753.55
204 4753.55
205 4753.55
206 4753.55
207 4753.55
208 4753.55
209 4753.55
210 4753.55
211 4749.77
212 4749.77
213 4721.59
214 4721.59
215 4721.59
216 4718.11
217 4709.27
218 4709.27
219 4709.27
220 4709.27
221 4709.27
222 4709.27
223 4709.27
224 4709.27
225 4709.27
226 4709.27
227 4709.27
228 4709.27
229 4709.27
230 4709.27
231 4705.51
232 4705.51
233 4703.17
234 4703.17
235 4703.17
236 4703.17
237 4703.17
238 4703.17
239 4703.17
240 4703.17
241 4702.44
242 4702.44
243 4702.44
244 4702.44
245 4702.44
246 4702.44
247 4702.44
248 4702.44
249 4702.44
250 4702.44
251 4702.44
252 4702.44
253 4702.44
254 4702.44
255 4702.44
256 4702.44
257 4702.44
258 4702.44
259 4702.44
260 4702.44
261 4702.44
262 4702.44
263 4698.6
264 4698.6
265 4698.6
266 4698.6
267 4698.6
268 4698.6
269 4698.6
270 4698.6
271 4696.17
272 4696.17
273 4696.17
274 4696.17
275 4690.07
276 4690.07
277 4690.07
278 4690.07
279 4690.07
280 4690.07
281 4690.07
282 4690.07
283 4690.07
284 4690.07
285 4673.51
286 4673.51
287 4673.51
288 4673.51
289 4673.51
290 4673.51
291 4673.51
292 4673.51
293 4673.51
294 4673.51
295 4673.51
296 4673.51
297 4673.51
298 4651.44
299 4651.44
300 4651.44
301 4651.44
302 4651.44
303 4651.44
304 4651.44
305 4650.67
306 4650.67
307 4650.67
308 4623.19
309 4623.19
310 4623.19
311 4623.19
312 4623.19
313 4623.19
314 4623.19
315 4623.19
316 4623.19
317 4623.19
318 4623.19
319 4623.19
320 4623.19
321 4623.19
322 4623.19
323 4623.19
324 4623.19
325 4623.19
326 4623.19
327 4623.19
328 4623.19
329 4623.19
330 4623.19
331 4622.57
332 4622.57
333 4622.57
334 4622.57
335 4622.57
336 4622.57
337 4622.57
338 4622.57
339 4622.57
340 4622.57
341 4603.04
342 4603.04
343 4603.04
344 4603.04
345 4603.04
346 4603.04
347 4603.04
348 4603.04
349 4603.04
350 4603.04
351 4603.04
352 4603.04
353 4603.04
354 4603.04
355 4603.04
356 4603.04
357 4603.04
358 4603.04
359 4603.04
360 4603.04
361 4603.04
362 4603.04
363 4603.04
364 4603.04
365 4603.04
366 4603.04
367 4603.04
368 4603.04
369 4603.04
370 4603.04
371 4603.04
372 4603.04
373 4603.04
374 4603.04
375 4603.04
376 4603.04
377 4603.04
378 4603.04
379 4603.04
380 4603.04
381 4603.04
382 4603.04
383 4603.04
384 4603.04
385 4603.04
386 4603.04
387 4603.04
388 4603.04
389 4603.04
390 4603.04
391 4603.04
392 4603.04
393 4603.04
394 4603.04
395 4603.04
396 4603.04
397 4603.04
398 4603.04
399 4603.04
400 4603.04
401 4603.04
402 4603.04
403 4603.04
404 4603.04
405 4603.04
406 4603.04
407 4603.04
408 4603.04
409 4603.04
410 4603.04
411 4603.04
412 4603.04
413 4603.04
414 4603.04
415 4603.04
416 4603.04
417 4603.04
418 4603.04
419 4603.04
420 4603.04
421 4603.04
422 4603.04
423 4603.04
424 4603.04
425 4603.04
426 4603.04
427 4603.04
428 4603.04
429 4603.04
430 4603.04
431 4603.04
432 4603.04
433 4603.04
434 4603.04
435 4603.04
436 4603.04
437 4603.04
438 4603.04
439 4603.04
440 4603.04
441 4603.04
442 4603.04
443 4603.04
444 4603.04
445 4603.04
446 4603.04
447 4603.04
448 4603.04
449 4603.04
450 4603.04
451 4603.04
452 4603.04
453 4603.04
454 4603.04
455 4603.04
456 4603.04
457 4603.04
458 4603.04
459 4603.04
460 4603.04
461 4603.04
462 4603.04
463 4603.04
464 4603.04
465 4603.04
466 4603.04
467 4598.32
468 4598.32
469 4598.32
470 4598.32
471 4598.32
472 4598.32
473 4598.32
474 4598.32
475 4598.32
476 4598.32
477 4598.32
478 4598.32
479 4598.32
480 4598.32
481 4598.32
482 4598.32
483 4598.32
484 4598.32
485 4598.32
486 4598.32
487 4598.32
488 4598.32
489 4598.32
490 4598.32
491 4598.32
492 4598.32
493 4598.32
494 4598.32
495 4598.32
496 4598.32
497 4598.32
498 4598.32
499 4598.32
500 4598.32
