1 26450.4
2 24717.9
3 21101.3
4 21101.3
5 20424.1
6 19464.9
7 18640.3
8 17442.6
9 16399.3
10 16399.3
11 15257.8
12 13742.2
13 13742.2
14 13503.1
15 12633.5
16 12294.2
17 12208
18 11882.4
19 11587.3
20 11432.5
21 11050.8
22 11050.8
23 11050.8
24 10952
25 10829.4
26 10628.9
27 10525.4
28 9869.66
29 9869.66
30 9869.66
31 9762.68
32 9621.25
33 9436.21
34 9436.21
35 9292.89
36 9092.4
37 9044.92
38 8964.34
39 8743.74
40 8743.74
41 8743.74
42 8598.81
43 8598.81
44 8417.05
45 8210.69
46 8210.69
47 8044.77
48 8044.77
49 7993.2
50 7993.2
51 7970.25
52 7823.1
53 7823.1
54 7770.52
55 7608.48
56 7608.48
57 7555.91
58 7555.91
59 7541.86
60 7541.86
61 7541.86
62 7499.4
63 7472.57
64 7472.57
65 7390.9
66 7210
67 7210
68 7169.33
69 7169.33
70 7157.05
71 7047.17
72 7022.22
73 6986.4
74 6986.4
75 6948.33
76 6571.43
77 6571.43
78 6571.43
79 6567.05
80 6479.41
81 6479.41
82 6479.41
83 6479.41
84 6381.66
85 6278.97
86 6264.4
87 6237.71
88 5968.69
89 5968.69
90 5859.53
91 5859.53
92 5852.81
93 5841.79
94 5691.6
95 5680.58
96 5680.58
97 5586.7
98 5586.7
99 5586.7
100 5586.7
101 5571.31
102 5505.77
103 5505.77
104 5505.77
105 5505.77
106 5491.28
107 5473.5
108 5464.49
109 5439.43
110 5439.43
111 5408.59
112 5408.59
113 5408.59
114 5408.59
115 5408.59
116 5401.72
117 5401.72
118 5401.72
119 5401.72
120 5398.95
121 5398.95
122 5359.97
123 5359.97
124 5350.41
125 5339.15
126 5305.49
127 5302.81
128 5302.81
129 5302.81
130 5273.38
131 5273.38
132 5273.38
133 5273.38
134 5265.22
135 5265.22
136 5197.13
137 5197.13
138 5197.13
139 5186.43
140 5176.59
141 5176.59
142 5157.01
143 5157.01
144 5147.17
145 5147.17
146 5147.17
147 5143.88
148 5143.88
149 5143.88
150 5143.88
151 5142.63
152 5141.35
153 5141.35
154 5132.02
155 5092.31
156 5092.31
157 5087.77
158 5087.77
159 5087.77
160 5066.44
161 5008.04
162 5008.04
163 5008.04
164 5004.83
165 5004.83
166 5004.83
167 4988.69
168 4988.69
169 4988.69
170 4988.69
171 4988.69
172 4981.85
173 4981.85
174 4981.85
175 4966.37
176 4966.37
177 4966.37
178 4951.65
179 4951.65
180 4951.65
181 4951.65
182 4951.65
183 4951.65
184 4950.76
185 4950.76
186 4946.12
187 4946.12
188 4946.12
189 4943.82
190 4943.82
191 4765.22
192 4765.22
193 4765.22
194 4765.22
195 4753.55
196 4753.55
197 4753.55
198 4753.55
199 4746.7
200 4746.7
201 4737.3
202 4737.3
203 4737.3
204 4711.62
205 4711.62
206 4711.62
207 4711.62
208 4705.51
209 4705.51
210 4705.51
211 4705.51
212 4705.51
213 4705.51
214 4705.51
215 4705.51
216 4705.51
217 4705.51
218 4705.51
219 4705.51
220 4705.51
221 4705.51
222 4705.51
223 4705.51
224 4705.51
225 4705.51
226 4705.51
227 4705.51
228 4705.51
229 4705.51
230 4705.51
231 4705.51
232 4705.51
233 4701.94
234 4701.94
235 4701.32
236 4701.32
237 4701.32
238 4701.32
239 4701.32
240 4701.32
241 4701.32
242 4701.32
243 4701.32
244 4701.32
245 4701.32
246 4701.32
247 4701.32
248 4701.32
249 4701.32
250 4701.32
251 4701.32
252 4701.32
253 4701.32
254 4699.73
255 4694.77
256 4694.77
257 4694.77
258 4694.77
259 4694.77
260 4694.77
261 4694.77
262 4694.77
263 4694.77
264 4694.77
265 4694.77
266 4694.77
267 4694.77
268 4694.77
269 4694.77
270 4694.77
271 4694.77
272 4694.77
273 4694.77
274 4694.77
275 4694.77
276 4694.77
277 4694.77
278 4694.77
279 4694.77
280 4694.77
281 4694.77
282 4694.77
283 4694.77
284 4694.77
285 4694.77
286 4694.77
287 4694.77
288 4694.77
289 4694.77
290 4694.77
291 4669.61
292 4669.61
293 4669.61
294 4669.61
295 4669.61
296 4669.61
297 4669.61
298 4669.61
299 4669.61
300 4669.61
301 4669.61
302 4669.61
303 4669.61
304 4650.72
305 4650.72
306 4650.72
307 4650.72
308 4650.72
309 4650.72
310 4650.72
311 4650.72
312 4648.97
313 4648.97
314 4648.97
315 4648.97
316 4648.35
317 4647.37
318 4647.37
319 4647.37
320 4647.37
321 4622.57
322 4622.57
323 4622.57
324 4611.24
325 4611.24
326 4603.04
327 4603.04
328 4603.04
329 4603.04
330 4603.04
331 4603.04
332 4603.04
333 4603.04
334 4603.04
335 4603.04
336 4603.04
337 4603.04
338 4603.04
339 4603.04
340 4603.04
341 4603.04
342 4603.04
343 4603.04
344 4603.04
345 4603.04
346 4603.04
347 4603.04
348 4603.04
349 4603.04
350 4603.04
351 4603.04
352 4603.04
353 4603.04
354 4603.04
355 4603.04
356 4603.04
357 4603.04
358 4603.04
359 4603.04
360 4603.04
361 4603.04
362 4603.04
363 4603.04
364 4603.04
365 4603.04
366 4603.04
367 4603.04
368 4603.04
369 4603.04
370 4603.04
371 4603.04
372 4603.04
373 4603.04
374 4603.04
375 4603.04
376 4603.04
377 4603.04
378 4603.04
379 4603.04
380 4603.04
381 4603.04
382 4603.04
383 4603.04
384 4603.04
385 4603.04
386 4603.04
387 4603.04
388 4603.04
389 4603.04
390 4603.04
391 4603.04
392 4603.04
393 4603.04
394 4603.04
395 4603.04
396 4603.04
397 4603.04
398 4603.04
399 4603.04
400 4603.04
401 4603.04
402 4603.04
403 4603.04
404 4603.04
405 4603.04
406 4603.04
407 4603.04
408 4603.04
409 4603.04
410 4603.04
411 4603.04
412 4603.04
413 4603.04
414 4603.04
415 4603.04
416 4603.04
417 4603.04
418 4603.04
419 4603.04
420 4603.04
421 4603.04
422 4603.04
423 4603.04
424 4603.04
425 4603.04
426 4603.04
427 4603.04
428 4603.04
429 4603.04
430 4603.04
431 4603.04
432 4603.04
433 4603.04
434 4603.04
435 4603.04
436 4603.04
437 4603.04
438 4603.04
439 4603.04
440 4603.04
441 4603.04
442 4603.04
443 4603.04
444 4603.04
445 4603.04
446 4603.04
447 4603.04
448 4603.04
449 4603.04
450 4603.04
451 4603.04
452 4603.04
453 4603.04
454 4603.04
455 4603.04
456 4603.04
457 4603.04
458 4603.04
459 4603.04
460 4603.04
461 4603.04
462 4603.04
463 4603.04
464 4603.04
465 4603.04
466 4603.04
467 4603.04
468 4603.04
469 4603.04
470 4603.04
471 4603.04
472 4603.04
473 4603.04
474 4603.04
475 4603.04
476 4603.04
477 4603.04
478 4603.04
479 4603.04
480 4603.04
481 4603.04
482 4603.04
483 4603.04
484 4603.04
485 4603.04
486 4603.04
487 4603.04
488 4603.04
489 4603.04
490 4603.04
491 4603.04
492 4603.04
493 4603.04
494 4603.04
495 4603.04
496 4603.04
497 4603.04
498 4603.04
499 4603.04
500 4603.04
