1 32466.1
2 30713.5
3 29038.6
4 27648.7
5 25485.5
6 24155.2
7 22312.7
8 21380.9
9 20185.9
10 19465.1
11 18387.7
12 17538.5
13 17021.7
14 16488.5
15 16009.8
16 15579.6
17 14931.4
18 14496.2
19 14463.4
20 13923.8
21 13609
22 13300
23 12962.4
24 12774.7
25 12381.3
26 12082.4
27 11899.3
28 11847.9
29 11647.2
30 11418.7
31 11349.7
32 11373.1
33 11055
34 10930.2
35 10694.4
36 10606.3
37 10504.2
38 10423.1
39 10207.6
40 10183.8
41 9898.48
42 9685.94
43 9426.24
44 9288.66
45 9190.47
46 9133.55
47 8902.81
48 8709.67
49 8510.35
50 8263.29
51 8015.48
52 7789.65
53 7622.58
54 7563.91
55 7397.89
56 7363.01
57 7350.71
58 7369.69
59 7243.41
60 7305.99
61 7130.81
62 7075.77
63 6913.44
64 6804.56
65 6849.12
66 6806.94
67 6691.41
68 6593.5
69 6578.73
70 6532.61
71 6416.9
72 6339.11
73 6410.74
74 6380.04
75 6228.26
76 6206.61
77 6169.46
78 6305.05
79 6144.75
80 6128.07
81 6036.46
82 5992.64
83 6075.54
84 5983.06
85 5925.71
86 5933.44
87 5878.64
88 5865.56
89 5837.93
90 5861.57
91 5849.37
92 5811.44
93 5828.32
94 5837.68
95 5830.12
96 5747.59
97 5756.34
98 5800.92
99 5717.36
100 5731.66
101 5735.21
102 5679.54
103 5774.65
104 5770
105 5673.5
106 5652.44
107 5726.58
108 5601.19
109 5508.62
110 5472.89
111 5528.2
112 5547.35
113 5506.43
114 5487.36
115 5611.05
116 5553.51
117 5565.55
118 5637.89
119 5554.73
120 5602.91
121 5539.62
122 5541.21
123 5557.12
124 5543.17
125 5429.35
126 5457.41
127 5423.36
128 5524.29
129 5510.32
130 5528.86
131 5489.03
132 5464.45
133 5485.8
134 5436.55
135 5367.38
136 5333.77
137 5353.01
138 5389.47
139 5397.4
140 5317.81
141 5322.88
142 5286.34
143 5252.67
144 5224.01
145 5232.23
146 5279.29
147 5286.42
148 5286.92
149 5227.7
150 5256.93
151 5373.01
152 5342.79
153 5271.25
154 5198.69
155 5247.51
156 5156.93
157 5192.79
158 5164.44
159 5201.52
160 5243.92
161 5182.39
162 5300.79
163 5263.97
164 5231.72
165 5343.09
166 5255.89
167 5199.63
168 5221.05
169 5295.37
170 5320.28
171 5223.33
172 5227.07
173 5129.23
174 5172.64
175 5194.45
176 5131.92
177 5203.28
178 5168.99
179 5075.47
180 5080.02
181 5034.27
182 5057.78
183 5084.17
184 5062.67
185 5072.27
186 5046.01
187 5076.54
188 5102.75
189 5067.53
190 5080.78
191 5059.51
192 5026.79
193 5026.84
194 5011.01
195 5056.37
196 5060.51
197 5047.21
198 5036.42
199 5073.86
200 5066.36
201 5063.43
202 5115.14
203 5077.4
204 5084.08
205 5124.61
206 5003.73
207 5027.49
208 5112.83
209 5157.87
210 5074.19
211 4991.72
212 4984.08
213 5010.61
214 4970.83
215 5112.35
216 5083.72
217 4992.6
218 5014.26
219 4952.2
220 4927.47
221 5000.72
222 5077.14
223 5055.71
224 4983.09
225 5018.74
226 4890.69
227 4876.84
228 4891.93
229 4929.7
230 4911.78
231 5035.19
232 5049.45
233 4993.71
234 4930.54
235 4932.44
236 5000.51
237 4994.96
238 4996.97
239 4951.16
240 4934.42
241 4929.47
242 4908.96
243 4900.7
244 4874.3
245 4896.84
246 5013.14
247 5013.22
248 5002.28
249 5024.99
250 5021.26
251 4941.03
252 4927.35
253 4957.66
254 4932.49
255 4935.86
256 4973.88
257 4965.46
258 4953.82
259 5081.63
260 5030.63
261 4952.63
262 4923.46
263 4922.29
264 4877.85
265 4909.45
266 4877.73
267 4893.44
268 4850.43
269 4899.7
270 4928.63
271 4924.82
272 4929.25
273 4892.72
274 4864.46
275 4853.13
276 4895.35
277 4899.27
278 4874.81
279 4855.1
280 4865.33
281 4925.51
282 4939.73
283 4913.51
284 4991.5
285 4861.42
286 4909.69
287 4945.22
288 4934.05
289 4946.82
290 5011.2
291 4897.51
292 4863.94
293 4840.72
294 4885.02
295 4888.15
296 4981.75
297 4925.08
298 4932.18
299 4933.7
300 4986.52
301 4884.87
302 4874.64
303 4970.57
304 5006.14
305 4949.81
306 4965.65
307 4991.38
308 4933.74
309 5038.68
310 4925.51
311 4951.82
312 4987.08
313 4915.51
314 4857.37
315 4889.83
316 4886.51
317 4863.06
318 4854.86
319 4875.46
320 4822.98
321 4885.14
322 4862.52
323 4872.06
324 4859.37
325 4930.01
326 4998.36
327 4923.73
328 4865.03
329 4928.81
330 5027.61
331 5159.72
332 5179.62
333 5039.86
334 5109.06
335 5017.53
336 5026.34
337 4947.88
338 4928.93
339 4914.33
340 4872.46
341 4904.25
342 4839.08
343 4855.1
344 4823.69
345 4804.87
346 4814.96
347 4835.84
348 4850.39
349 4873.96
350 4907.47
351 4878.7
352 4939.76
353 4900.77
354 4890.45
355 4928.18
356 4908.6
357 4851.25
358 4914.8
359 4893.32
360 5014.76
361 4937.68
362 4883.77
363 4907.52
364 4978.04
365 4879.09
366 4893.89
367 4936.19
368 5004.44
369 4969.46
370 4967.1
371 5013.39
372 4975.91
373 5050.82
374 4968.97
375 4871.49
376 4924.02
377 4986
378 4947.81
379 4988.76
380 5090.01
381 5015.21
382 4953.06
383 4919.89
384 4923.56
385 4905.56
386 4949.17
387 4832.86
388 4794.02
389 4788.77
390 4817.14
391 4844.61
392 4803.01
393 4777.7
394 4862.28
395 4788.39
396 4785.02
397 4858.39
398 4780.2
399 4824.38
400 4863.05
401 4945.75
402 4852.05
403 4924.46
404 4870.3
405 4836.58
406 4839.77
407 4914.12
408 4824.82
409 4831.61
410 4819.8
411 4827.44
412 4863.87
413 4825.54
414 4852.87
415 4845.89
416 4829.72
417 4783.29
418 4804.22
419 4797.47
420 4847.26
421 4897.38
422 4871.39
423 4905.89
424 4863.33
425 4916.17
426 4938.25
427 4903.04
428 4993.49
429 4928.37
430 4878.64
431 4855.31
432 4883.09
433 4851.92
434 4765.29
435 4780.98
436 4813.25
437 4775.94
438 4812.16
439 4768.1
440 4816.22
441 4822.98
442 4798.81
443 4809.39
444 4814.49
445 4767.23
446 4822.02
447 4810.69
448 4817.15
449 4873.69
450 4935.42
451 5082.32
452 4941.92
453 4858.23
454 4861.99
455 4855.93
456 4891.66
457 4858.65
458 4896.66
459 4864.58
460 4878.63
461 4859.35
462 4954.88
463 4919.22
464 4843.77
465 5000.44
466 5161.36
467 4924.86
468 4832.05
469 4837.92
470 4805.17
471 4795.69
472 4833.19
473 4883.06
474 4938.25
475 4805.61
476 4838.32
477 4808.2
478 4853.69
479 4920.66
480 5011.51
481 5097.11
482 5016.15
483 5134.39
484 4987.22
485 4942.42
486 4861.74
487 4853.32
488 4808.6
489 4826.79
490 4829.93
491 4812.21
492 4789.63
493 4828.4
494 4760.8
495 4777.6
496 4804.54
497 4861.25
498 4991.46
499 4889.25
500 4847.36
