1 26450.4
2 24717.9
3 21101.3
4 21101.3
5 20424.1
6 19464.9
7 18640.3
8 17442.6
9 16399.3
10 16399.3
11 15257.8
12 14894.3
13 14423.2
14 13745
15 13171.5
16 12730.4
17 12730.4
18 12347.4
19 12231.4
20 11902.4
21 11834.2
22 11666.4
23 11225.5
24 11225.5
25 11225.5
26 10566.7
27 10566.7
28 10566.7
29 10411.3
30 10409.3
31 10398
32 10261
33 10151.6
34 9718.42
35 9472.02
36 9267.92
37 9182.6
38 8943.69
39 8943.69
40 8932.47
41 8825.16
42 8624.46
43 8624.46
44 7880.8
45 7880.8
46 7290.72
47 7290.72
48 7290.72
49 7230.8
50 7230.8
51 7081.84
52 6964.73
53 6949.66
54 6949.66
55 6781.57
56 6724.38
57 6766.67
58 6530.74
59 6450.62
60 6450.62
61 6374.13
62 6450.62
63 6450.62
64 6345.89
65 6338.18
66 6160.26
67 6156.32
68 6083.02
69 6061.14
70 6047.18
71 5973.29
72 5971.28
73 5970
74 5970
75 5926.74
76 5907.29
77 5904
78 5904
79 5904
80 5898.3
81 5789.2
82 5723.2
83 5723.2
84 5723.2
85 5723.2
86 5723.2
87 5723.2
88 5620.14
89 5620.14
90 5584.2
91 5538.21
92 5538.21
93 5504.41
94 5504.41
95 5504.41
96 5504.41
97 5504.41
98 5504.41
99 5504.41
100 5497.76
101 5497.76
102 5425.37
103 5425.37
104 5418.73
105 5418.73
106 5379.27
107 5379.27
108 5365.59
109 5343.79
110 5343.79
111 5336.01
112 5335.56
113 5335.56
114 5331.74
115 5319.46
116 5319.46
117 5319.46
118 5319.46
119 5319.46
120 5319.46
121 5319.46
122 5319.46
123 5316.8
124 5316.8
125 5307.74
126 5302.25
127 5302.25
128 5302.25
129 5302.25
130 5301.57
131 5290.53
132 5253.32
133 5253.32
134 5240.36
135 5209.05
136 5209.05
137 5171.75
138 5121.6
139 5118.24
140 5105.28
141 5105.28
142 5105.28
143 5105.28
144 5105.28
145 5105.28
146 5105.28
147 5105.28
148 5096.35
149 5087.14
150 5087.14
151 5087.14
152 5087.14
153 5087.14
154 5087.14
155 5087.14
156 5086.81
157 5086.81
158 5086.81
159 5086.81
160 5086.81
161 5086.81
162 5086.81
163 5086.81
164 5017.88
165 5017.88
166 5017.88
167 4997.38
168 4997.38
169 4997.38
170 4997.38
171 4997.38
172 4997.38
173 4997.38
174 4997.38
175 4997.38
176 4997.38
177 4997.38
178 4997.38
179 4997.38
180 4991.83
181 4991.83
182 4991.83
183 4991.83
184 4991.83
185 4991.83
186 4988.05
187 4988.05
188 4988.05
189 4933.63
190 4933.63
191 4929.85
192 4929.85
193 4929.85
194 4929.85
195 4873.3
196 4873.3
197 4873.3
198 4873.3
199 4860.73
200 4848.99
201 4848.99
202 4836.42
203 4836.42
204 4836.42
205 4836.42
206 4832.73
207 4832.73
208 4823.11
209 4823.11
210 4823.11
211 4823.11
212 4823.11
213 4823.11
214 4823.11
215 4823.11
216 4823.11
217 4823.11
218 4823.11
219 4812.39
220 4812.39
221 4812.39
222 4812.39
223 4812.39
224 4812.39
225 4812.39
226 4812.39
227 4807.49
228 4800.63
229 4800.63
230 4800.63
231 4800.63
232 4800.63
233 4800.63
234 4800.63
235 4800.63
236 4800.63
237 4797.05
238 4797.05
239 4797.05
240 4797.05
241 4797.05
242 4797.05
243 4797.05
244 4797.05
245 4797.05
246 4797.05
247 4797.05
248 4797.05
249 4797.05
250 4797.05
251 4797.05
252 4797.05
253 4797.05
254 4795.76
255 4795.76
256 4795.76
257 4795.76
258 4795.76
259 4795.76
260 4795.76
261 4795.76
262 4795.76
263 4795.76
264 4795.76
265 4794.64
266 4794.64
267 4794.64
268 4794.64
269 4792.28
270 4792.28
271 4792.28
272 4792.28
273 4792.28
274 4792.28
275 4792.28
276 4790.4
277 4790.4
278 4790.4
279 4788.05
280 4788.05
281 4788.05
282 4788.05
283 4788.05
284 4788.05
285 4788.05
286 4788.05
287 4788.05
288 4786.3
289 4786.3
290 4786.3
291 4786.3
292 4784
293 4784
294 4784
295 4782.25
296 4782.25
297 4782.25
298 4782.25
299 4782.25
300 4782.25
301 4782.25
302 4782.25
303 4782.25
304 4782.25
305 4782.25
306 4782.25
307 4782.25
308 4782.25
309 4782.25
310 4782.25
311 4782.25
312 4782.25
313 4782.25
314 4782.25
315 4782.25
316 4782.25
317 4782.25
318 4782.25
319 4782.25
320 4782.25
321 4782.25
322 4782.25
323 4782.25
324 4782.25
325 4782.25
326 4782.25
327 4782.25
328 4782.25
329 4782.25
330 4782.25
331 4782.25
332 4782.25
333 4782.25
334 4782.25
335 4782.25
336 4782.25
337 4782.25
338 4782.25
339 4782.25
340 4782.25
341 4782.25
342 4773.52
343 4773.52
344 4773.52
345 4773.52
346 4773.52
347 4773.52
348 4773.52
349 4772.91
350 4772.91
351 4772.91
352 4772.91
353 4772.91
354 4770.58
355 4770.58
356 4770.58
357 4770.58
358 4770.58
359 4770.58
360 4770.58
361 4770.58
362 4770.58
363 4770.58
364 4770.58
365 4770.58
366 4770.58
367 4770.58
368 4770.58
369 4770.58
370 4770.58
371 4770.58
372 4770.58
373 4770.58
374 4770.58
375 4770.58
376 4770.58
377 4770.58
378 4770.58
379 4770.58
380 4770.58
381 4722.64
382 4722.64
383 4722.64
384 4722.64
385 4722.64
386 4722.64
387 4722.64
388 4722.64
389 4722.64
390 4722.64
391 4722.64
392 4722.64
393 4722.64
394 4722.64
395 4722.64
396 4722.64
397 4722.64
398 4722.64
399 4722.64
400 4722.64
401 4722.64
402 4722.64
403 4722.64
404 4722.64
405 4722.64
406 4722.64
407 4722.64
408 4722.64
409 4722.64
410 4722.64
411 4722.64
412 4722.64
413 4722.64
414 4722.64
415 4722.64
416 4722.64
417 4722.64
418 4722.64
419 4722.64
420 4722.64
421 4722.64
422 4722.64
423 4722.64
424 4722.64
425 4722.64
426 4722.64
427 4722.64
428 4722.64
429 4722.64
430 4722.64
431 4722.64
432 4722.64
433 4722.64
434 4722.64
435 4722.64
436 4722.64
437 4722.64
438 4722.64
439 4722.64
440 4722.64
441 4722.64
442 4722.64
443 4722.64
444 4722.64
445 4722.64
446 4722.64
447 4722.64
448 4722.64
449 4722.64
450 4722.64
451 4722.64
452 4722.64
453 4722.64
454 4722.64
455 4722.64
456 4722.64
457 4722.64
458 4722.64
459 4722.64
460 4722.64
461 4722.64
462 4722.64
463 4722.64
464 4722.64
465 4722.64
466 4722.64
467 4722.64
468 4722.64
469 4722.64
470 4722.64
471 4722.64
472 4722.64
473 4719.72
474 4719.72
475 4719.72
476 4719.72
477 4719.72
478 4719.72
479 4719.72
480 4719.72
481 4719.72
482 4719.72
483 4719.72
484 4719.72
485 4719.72
486 4719.72
487 4719.72
488 4719.72
489 4719.72
490 4719.72
491 4719.72
492 4719.72
493 4719.72
494 4719.72
495 4719.72
496 4719.72
497 4719.72
498 4719.72
499 4719.72
500 4719.72
