1 27490.3
2 27490.3
3 24776.1
4 24650.9
5 24223.1
6 24102.6
7 19373.2
8 19298
9 18986.6
10 17416.3
11 16983
12 16794.8
13 16208.5
14 14652.9
15 14652.9
16 14553.9
17 13986.2
18 13986.2
19 12911.1
20 12911.1
21 12403.7
22 12368.1
23 11685.2
24 11685.2
25 11665.1
26 11497.5
27 11253.3
28 10960.9
29 10960.9
30 10553.5
31 10309.7
32 10060.7
33 10060.7
34 9919.82
35 9698.05
36 9342.06
37 9304.76
38 9192.04
39 8821.09
40 8821.09
41 8821.09
42 8821.09
43 8699.49
44 8559.77
45 8237.79
46 8237.79
47 8237.79
48 8237.79
49 8139.89
50 7965.89
51 7965.89
52 7965.89
53 7959.41
54 7647.98
55 7647.98
56 7647.98
57 7596.47
58 7573.21
59 7409.63
60 7409.63
61 7328.01
62 7155.3
63 7155.3
64 7155.3
65 7155.3
66 6998.26
67 6934.95
68 6934.95
69 6934.95
70 6923.31
71 6847.15
72 6847.15
73 6841.94
74 6837.28
75 6837.28
76 6832.08
77 6822.21
78 6822.21
79 6738.05
80 6738.05
81 6738.05
82 6702.34
83 6624.4
84 6624.4
85 6612.39
86 6602.52
87 6480.07
88 6480.07
89 6480.07
90 6480.07
91 6480.07
92 6480.07
93 6480.07
94 6480.07
95 6480.07
96 6458.39
97 6405.37
98 6253.39
99 6253.39
100 6204.67
101 6204.67
102 6204.67
103 6204.67
104 6183
105 6183
106 6183
107 6162.04
108 6162.04
109 6152.8
110 6031.4
111 6031.4
112 5939.6
113 5928.34
114 5904.07
115 5904.07
116 5861.44
117 5861.44
118 5850.91
119 5808.28
120 5744
121 5661.31
122 5661.31
123 5661.31
124 5598.33
125 5598.33
126 5588.59
127 5588.59
128 5579.52
129 5579.52
130 5579.52
131 5579.52
132 5579.52
133 5579.52
134 5579.52
135 5573.53
136 5453.67
137 5453.67
138 5453.67
139 5453.67
140 5453.67
141 5448.84
142 5448.84
143 5398.78
144 5398.78
145 5398.78
146 5398.78
147 5398.78
148 5388.07
149 5388.07
150 5388.07
151 5388.07
152 5388.07
153 5364.86
154 5364.86
155 5364.86
156 5364.86
157 5338.45
158 5338.45
159 5338.45
160 5308.01
161 5277.77
162 5277.77
163 5277.77
164 5277.77
165 5225.24
166 5225.24
167 5194.8
168 5194.8
169 5194.8
170 5149.4
171 5149.4
172 5149.4
173 5149.4
174 5149.4
175 5130.33
176 5130.33
177 5130.33
178 5130.33
179 5130.33
180 5125.79
181 5114.94
182 5114.94
183 5051.29
184 5051.29
185 5051.29
186 5051.29
187 5047.13
188 5047.13
189 5047.13
190 4982.1
191 4982.1
192 4973.37
193 4973.37
194 4973.37
195 4973.37
196 4973.37
197 4973.37
198 4973.37
199 4955.13
200 4955.13
201 4923.7
202 4923.7
203 4923.7
204 4923.7
205 4923.7
206 4923.7
207 4923.7
208 4923.7
209 4923.7
210 4914.56
211 4914.56
212 4914.56
213 4914.56
214 4914.56
215 4914.56
216 4914.56
217 4914.56
218 4914.56
219 4914.56
220 4914.56
221 4914.56
222 4914.56
223 4914.56
224 4914.56
225 4914.56
226 4914.56
227 4914.56
228 4914.56
229 4914.56
230 4891.97
231 4891.97
232 4891.97
233 4891.97
234 4887.44
235 4887.44
236 4885.33
237 4885.33
238 4885.33
239 4885.33
240 4885.33
241 4880.61
242 4871.55
243 4871.55
244 4871.55
245 4869.44
246 4869.44
247 4869.44
248 4864.72
249 4864.72
250 4864.72
251 4864.72
252 4864.72
253 4864.72
254 4864.72
255 4864.72
256 4864.72
257 4864.72
258 4864.72
259 4864.72
260 4864.72
261 4864.72
262 4864.72
263 4864.72
264 4864.72
265 4852.97
266 4852.7
267 4852.7
268 4852.7
269 4852.7
270 4852.7
271 4852.7
272 4852.7
273 4836.7
274 4836.7
275 4836.7
276 4836.7
277 4836.7
278 4836.7
279 4836.7
280 4836.7
281 4836.7
282 4836.7
283 4776.83
284 4776.83
285 4776.83
286 4776.83
287 4776.83
288 4776.83
289 4776.83
290 4776.83
291 4776.83
292 4776.83
293 4776.83
294 4776.83
295 4776.83
296 4776.83
297 4776.83
298 4776.83
299 4776.83
300 4776.83
301 4776.83
302 4776.83
303 4776.83
304 4776.83
305 4776.83
306 4776.83
307 4776.83
308 4776.83
309 4776.83
310 4776.83
311 4776.83
312 4776.83
313 4776.83
314 4776.83
315 4776.83
316 4776.83
317 4776.83
318 4776.83
319 4776.83
320 4776.83
321 4776.83
322 4776.83
323 4776.83
324 4776.83
325 4776.83
326 4776.83
327 4776.83
328 4776.83
329 4776.83
330 4771.65
331 4771.65
332 4771.65
333 4771.65
334 4771.65
335 4771.65
336 4771.65
337 4771.65
338 4771.65
339 4771.65
340 4771.65
341 4771.65
342 4771.65
343 4771.65
344 4771.65
345 4771.65
346 4771.65
347 4771.65
348 4771.65
349 4771.65
350 4771.65
351 4771.65
352 4771.65
353 4771.65
354 4771.65
355 4771.65
356 4771.65
357 4771.65
358 4771.65
359 4771.65
360 4771.65
361 4759.33
362 4759.33
363 4759.33
364 4759.33
365 4759.33
366 4759.33
367 4759.33
368 4759.33
369 4752.89
370 4752.89
371 4752.89
372 4752.89
373 4752.89
374 4752.89
375 4752.89
376 4752.89
377 4752.89
378 4752.89
379 4752.89
380 4752.89
381 4752.89
382 4752.89
383 4752.89
384 4752.89
385 4752.89
386 4752.89
387 4752.89
388 4752.89
389 4752.89
390 4752.89
391 4752.89
392 4752.89
393 4752.89
394 4752.89
395 4752.89
396 4752.89
397 4752.89
398 4752.89
399 4752.89
400 4752.89
401 4752.89
402 4752.89
403 4752.89
404 4752.89
405 4752.89
406 4752.89
407 4739.43
408 4739.43
409 4736.99
410 4736.99
411 4736.99
412 4736.99
413 4736.99
414 4715.08
415 4715.08
416 4715.08
417 4715.08
418 4715.08
419 4715.08
420 4715.08
421 4715.08
422 4715.08
423 4715.08
424 4715.08
425 4715.08
426 4715.08
427 4713.65
428 4713.65
429 4713.65
430 4713.65
431 4710.89
432 4710.89
433 4710.89
434 4710.89
435 4700.44
436 4700.44
437 4700.44
438 4700.44
439 4700.44
440 4700.44
441 4700.44
442 4700.44
443 4700.44
444 4700.44
445 4700.44
446 4700.44
447 4700.44
448 4700.44
449 4700.44
450 4700.44
451 4700.44
452 4700.44
453 4700.44
454 4700.44
455 4700.44
456 4700.44
457 4700.44
458 4675.62
459 4675.62
460 4675.62
461 4675.62
462 4675.62
463 4675.62
464 4675.62
465 4675.62
466 4675.62
467 4675.62
468 4675.62
469 4675.62
470 4675.62
471 4675.62
472 4675.62
473 4675.62
474 4675.62
475 4675.62
476 4675.62
477 4675.62
478 4675.62
479 4675.62
480 4675.62
481 4675.62
482 4675.62
483 4675.62
484 4675.62
485 4675.62
486 4675.62
487 4675.62
488 4675.62
489 4675.62
490 4675.62
491 4675.62
492 4675.62
493 4675.62
494 4675.62
495 4675.62
496 4662.4
497 4662.4
498 4662.4
499 4662.4
500 4662.4
