1 25172.5
2 21279
3 21279
4 19904.9
5 19904.9
6 18241.8
7 17788.9
8 16809.9
9 16770
10 15840.9
11 14854.8
12 14534.5
13 14428.9
14 13388.1
15 12355
16 12355
17 12163
18 10942.6
19 10942.6
20 10426.7
21 10426.7
22 10213.5
23 10213.5
24 9980.26
25 9591.37
26 9436.5
27 9412.01
28 8974.08
29 8766.34
30 8713.35
31 8093.29
32 7991.39
33 7973.26
34 7829.93
35 7642.81
36 7584.13
37 7533.31
38 7501.36
39 7383.07
40 7368.42
41 7368.42
42 7350.46
43 7201.63
44 7201.63
45 7189.72
46 7139.72
47 7099.92
48 7037.25
49 7037.25
50 6930.83
51 6858.56
52 6858.56
53 6858.56
54 6827.26
55 6819.08
56 6819.08
57 6739.08
58 6739.08
59 6646.07
60 6532.48
61 6532.48
62 6532.48
63 6428.26
64 6428.26
65 6410.34
66 6410.34
67 6410.34
68 6347.59
69 6347.59
70 6336.99
71 6300.55
72 6299.03
73 6299.03
74 6299.03
75 6256.92
76 6251.98
77 6215.29
78 6215.29
79 6215.29
80 6209.87
81 6135.06
82 6088.02
83 6047.61
84 6012.02
85 5971.61
86 5922.86
87 5922.86
88 5922.86
89 5922.86
90 5878.67
91 5838.26
92 5838.26
93 5838.26
94 5809.74
95 5800.54
96 5715.94
97 5715.94
98 5680.09
99 5680.09
100 5645.76
101 5638.45
102 5638.45
103 5638.45
104 5638.45
105 5638.45
106 5569.52
107 5569.52
108 5506.8
109 5506.8
110 5506.8
111 5506.8
112 5403.92
113 5403.92
114 5403.92
115 5341.2
116 5341.2
117 5341.2
118 5341.2
119 5341.2
120 5293.22
121 5293.22
122 5276.17
123 5241.13
124 5241.13
125 5241.13
126 5224.07
127 5224.07
128 5224.07
129 5208.52
130 5208.52
131 5208.52
132 5208.52
133 5208.52
134 5195.18
135 5184.53
136 5184.53
137 5161.11
138 5120.48
139 5120.48
140 5120.48
141 5114.24
142 5114.24
143 5114.24
144 5114.24
145 5112.41
146 5112.41
147 5071.77
148 5071.77
149 5071.77
150 5071.77
151 5071.77
152 5071.77
153 4964.03
154 4964.03
155 4956.87
156 4954.39
157 4954.39
158 4954.39
159 4941.59
160 4941.59
161 4941.59
162 4941.59
163 4941.59
164 4941.59
165 4941.59
166 4941.59
167 4941.59
168 4941.59
169 4941.59
170 4936.97
171 4936.97
172 4936.97
173 4936.97
174 4936.97
175 4936.97
176 4936.97
177 4934.45
178 4934.45
179 4934.45
180 4934.45
181 4926.92
182 4926.92
183 4926.92
184 4926.92
185 4910.72
186 4910.72
187 4910.72
188 4910.72
189 4909.82
190 4909.82
191 4881.1
192 4880.2
193 4880.2
194 4880.2
195 4872.58
196 4872.58
197 4872.58
198 4855.4
199 4836.48
200 4836.48
201 4836.48
202 4836.48
203 4836.48
204 4802.73
205 4802.73
206 4802.73
207 4802.73
208 4802.73
209 4802.73
210 4802.73
211 4798.53
212 4798.53
213 4798.53
214 4798.53
215 4798.53
216 4798.53
217 4781.08
218 4781.08
219 4781.08
220 4772.13
221 4772.13
222 4754.67
223 4754.67
224 4754.67
225 4754.67
226 4754.67
227 4754.67
228 4754.67
229 4754.67
230 4754.67
231 4754.67
232 4754.67
233 4754.67
234 4754.67
235 4754.67
236 4754.67
237 4754.67
238 4754.67
239 4754.67
240 4754.67
241 4751.38
242 4751.38
243 4751.38
244 4745.95
245 4745.95
246 4745.95
247 4742.66
248 4742.66
249 4741.98
250 4741.98
251 4741.98
252 4741.98
253 4741.98
254 4741.98
255 4741.98
256 4741.98
257 4741.98
258 4741.98
259 4741.98
260 4741.98
261 4741.98
262 4741.98
263 4741.98
264 4741.98
265 4741.98
266 4741.98
267 4741.98
268 4741.98
269 4741.98
270 4741.98
271 4741.98
272 4741.98
273 4741.98
274 4741.98
275 4741.98
276 4741.98
277 4741.98
278 4741.98
279 4741.98
280 4741.98
281 4741.98
282 4741.98
283 4737.79
284 4737.79
285 4737.79
286 4734.87
287 4688.37
288 4688.37
289 4688.37
290 4688.37
291 4688.37
292 4688.37
293 4688.37
294 4688.37
295 4688.37
296 4688.37
297 4688.37
298 4688.37
299 4662.53
300 4662.53
301 4662.53
302 4662.53
303 4662.53
304 4662.53
305 4662.53
306 4662.53
307 4662.53
308 4647.12
309 4647.12
310 4647.12
311 4647.12
312 4647.12
313 4647.12
314 4647.12
315 4647.12
316 4647.12
317 4647.12
318 4646.44
319 4646.44
320 4646.44
321 4646.44
322 4646.44
323 4646.44
324 4646.44
325 4646.44
326 4646.44
327 4640.31
328 4640.31
329 4640.31
330 4640.31
331 4640.31
332 4640.31
333 4640.31
334 4640.31
335 4640.31
336 4640.31
337 4640.31
338 4640.31
339 4640.31
340 4640.31
341 4640.31
342 4640.31
343 4640.31
344 4640.31
345 4640.31
346 4640.31
347 4640.31
348 4640.31
349 4640.31
350 4640.31
351 4640.31
352 4640.31
353 4640.31
354 4640.31
355 4640.31
356 4640.31
357 4640.31
358 4640.31
359 4640.31
360 4640.31
361 4640.31
362 4640.31
363 4640.31
364 4640.31
365 4638.71
366 4638.71
367 4638.71
368 4638.71
369 4638.71
370 4638.71
371 4638.71
372 4638.71
373 4638.71
374 4638.71
375 4638.71
376 4638.71
377 4638.71
378 4638.71
379 4638.71
380 4638.71
381 4633.48
382 4633.48
383 4633.48
384 4633.48
385 4633.48
386 4633.48
387 4633.48
388 4633.48
389 4633.48
390 4632.72
391 4632.72
392 4632.72
393 4632.72
394 4632.72
395 4632.72
396 4632.72
397 4632.72
398 4632.72
399 4632.72
400 4632.72
401 4632.72
402 4632.72
403 4632.72
404 4632.72
405 4632.72
406 4632.72
407 4632.72
408 4632.72
409 4632.72
410 4632.72
411 4632.72
412 4632.72
413 4632.72
414 4632.72
415 4632.72
416 4632.72
417 4632.72
418 4632.72
419 4632.72
420 4632.72
421 4632.72
422 4632.72
423 4632.72
424 4632.72
425 4632.72
426 4632.72
427 4632.72
428 4632.72
429 4632.72
430 4632.72
431 4632.72
432 4632.72
433 4632.72
434 4632.72
435 4632.72
436 4632.72
437 4632.72
438 4632.72
439 4632.72
440 4632.72
441 4632.72
442 4632.72
443 4632.72
444 4632.72
445 4632.72
446 4632.72
447 4632.72
448 4632.72
449 4632.72
450 4632.72
451 4632.72
452 4632.72
453 4632.72
454 4632.72
455 4632.72
456 4632.72
457 4632.72
458 4632.72
459 4632.72
460 4632.72
461 4632.72
462 4632.72
463 4632.72
464 4632.72
465 4632.72
466 4632.72
467 4632.72
468 4632.72
469 4632.72
470 4632.72
471 4632.72
472 4632.72
473 4632.72
474 4632.72
475 4632.72
476 4632.72
477 4632.72
478 4632.72
479 4632.72
480 4632.72
481 4632.72
482 4632.72
483 4632.72
484 4632.72
485 4632.72
486 4632.72
487 4632.72
488 4632.72
489 4632.72
490 4632.72
491 4632.72
492 4632.72
493 4632.72
494 4632.72
495 4632.72
496 4632.72
497 4632.72
498 4632.72
499 4632.72
500 4632.72
