1 31984
2 30094.2
3 27850.8
4 25665.9
5 24515.5
6 22623
7 21254.9
8 20443
9 19947.7
10 19157.5
11 18221.8
12 17626.6
13 17042.1
14 16229.4
15 15938.8
16 15195.1
17 14683.6
18 14306.5
19 13440.6
20 12784.8
21 12233.8
22 12133.1
23 11677.3
24 11387.2
25 11071.6
26 10885.3
27 10567.1
28 10437.6
29 10114
30 9832.51
31 9599.76
32 9529.43
33 9089.76
34 9138.37
35 8785.07
36 8659.28
37 8571.49
38 8345.87
39 8209.72
40 8017.58
41 8000.17
42 7894.89
43 7967.31
44 7958.36
45 7812.71
46 7781.91
47 7661.25
48 7832.83
49 7626.39
50 7445.35
51 7612.32
52 7539.38
53 7479.26
54 7336.02
55 7317.28
56 7244.31
57 7308.19
58 7152.66
59 7166.56
60 7142.95
61 7156.9
62 7044.65
63 7101.95
64 7076.55
65 7117.54
66 7133.2
67 7057.36
68 6885.32
69 6829.88
70 6990.71
71 6674.84
72 6716.14
73 6686.09
74 6581.27
75 6592.3
76 6642.03
77 6530.29
78 6575.91
79 6474.54
80 6428.96
81 6454.85
82 6420.51
83 6356.14
84 6267.47
85 6331.92
86 6296.84
87 6191.83
88 6210.67
89 6096.52
90 6081.44
91 6051.63
92 5984.11
93 5965.25
94 5999.26
95 6009.7
96 6020.49
97 5955.22
98 5918.51
99 5872.98
100 5813.59
101 5905.71
102 6005.38
103 5890.75
104 5772.71
105 5848.63
106 5846.96
107 5832.88
108 5697.38
109 5732
110 5743.35
111 5777.28
112 5748.93
113 5715.17
114 5720.45
115 5830.17
116 5605.17
117 5541.89
118 5598.21
119 5544.42
120 5549.16
121 5537.78
122 5564.27
123 5550.53
124 5508.19
125 5468.95
126 5487.59
127 5443.85
128 5548.49
129 5540.01
130 5476.29
131 5451.83
132 5356.97
133 5370.81
134 5403.98
135 5483.09
136 5518.7
137 5438.9
138 5318.4
139 5282.36
140 5503.73
141 5546.57
142 5430.92
143 5513.69
144 5463.95
145 5373.07
146 5316.53
147 5227.79
148 5237.26
149 5219.41
150 5263.31
151 5364.51
152 5315.56
153 5307.56
154 5307.36
155 5285.21
156 5241.32
157 5334.27
158 5335.27
159 5412.57
160 5483.45
161 5556.56
162 5473.4
163 5319.06
164 5208.98
165 5141.16
166 5104.48
167 5168.88
168 5276.13
169 5240.19
170 5230.36
171 5307.07
172 5308.71
173 5222.97
174 5172.74
175 5119.64
176 5078.55
177 5072.31
178 5157.49
179 5057.56
180 5041.08
181 5054.07
182 5156.89
183 5150.51
184 5142.57
185 5056.36
186 5083.11
187 5043.17
188 4996.29
189 5017.08
190 5133.95
191 5172.38
192 5136.02
193 5095.13
194 5059.04
195 5019.58
196 4942.95
197 5011.81
198 5050.08
199 4994.99
200 4999.71
201 5050.23
202 5079.38
203 5030.36
204 5018.33
205 5050.66
206 5064.3
207 5112.07
208 4953.19
209 4886.67
210 4864.58
211 4970.76
212 4928.03
213 4878.31
214 4847.04
215 4849.39
216 4851.73
217 4839.03
218 4864.56
219 4874.92
220 4844.85
221 4807.82
222 4829.08
223 4842.68
224 4899.98
225 4923.14
226 4903.71
227 4933.89
228 4981.78
229 4921.25
230 4891.67
231 4932.19
232 4909.73
233 4901.71
234 4960.57
235 4890.75
236 4967.21
237 4974.03
238 4902.33
239 4915.72
240 4956.41
241 5000.4
242 4936.44
243 4996.05
244 4892.18
245 4994.39
246 4971.19
247 4985.82
248 4996.44
249 4939.51
250 4942.02
251 4984.83
252 5020.38
253 5055.82
254 4940.3
255 4964.12
256 4887.82
257 4933.74
258 5044.8
259 4968.24
260 5041.09
261 5038.26
262 5083.13
263 5024.83
264 4900.72
265 5024.11
266 4986.53
267 5037.92
268 5046.64
269 4981.22
270 4872.29
271 4868.22
272 4848.46
273 4774.83
274 4796.5
275 4826.35
276 4778.46
277 4781.74
278 4805.31
279 4843.19
280 4829.23
281 4910.41
282 4900.58
283 4885.38
284 5027.58
285 5123.98
286 4898.31
287 4839.94
288 4856.53
289 4931.49
290 5048
291 5032.33
292 5103.12
293 5064.69
294 5009.06
295 5031.51
296 5038.51
297 5138.62
298 5041.15
299 5052.18
300 5054.98
301 4989.69
302 4916.44
303 4957.27
304 4890.45
305 4935.61
306 4833.38
307 4777.8
308 4794.12
309 4792.59
310 4809.04
311 4718.29
312 4837.35
313 4834.71
314 4796.92
315 4827.24
316 4779.59
317 4769.53
318 4756.3
319 4843.96
320 4831.24
321 4783.16
322 4861.91
323 4864.98
324 4742.55
325 4816.75
326 4802.4
327 4783.07
328 4793.59
329 4764.3
330 4766.19
331 4793.72
332 4751.23
333 4837.73
334 4860.27
335 4849.37
336 4717.96
337 4771.24
338 4755.94
339 4760.97
340 4791.97
341 4824.91
342 4805.38
343 4778.36
344 4873.99
345 4803.23
346 4790.08
347 4846.46
348 4751.89
349 4817.69
350 4795.11
351 4866.82
352 4795.64
353 4820.46
354 4800.8
355 4781.94
356 4733.68
357 4842.85
358 4806.9
359 4797.57
360 4805.32
361 4801.76
362 4784.07
363 4717.74
364 4773.29
365 4759.96
366 4715.24
367 4728.34
368 4709.21
369 4765.79
370 4798.47
371 4830.73
372 4785.81
373 4796.29
374 4756.48
375 4735.24
376 4679.73
377 4733.23
378 4728.03
379 4759.1
380 4722.72
381 4692.97
382 4729.2
383 4687.57
384 4751.36
385 4775.82
386 4750.12
387 4679.11
388 4674.37
389 4680.28
390 4681.03
391 4686.88
392 4759.31
393 4721.6
394 4766.36
395 4751.4
396 4750.95
397 4708.25
398 4707.91
399 4770.76
400 4847.98
401 4814.14
402 4869.98
403 4795.42
404 4883.24
405 4875.41
406 4861.37
407 4961.56
408 4743.61
409 4723.52
410 4727.83
411 4717.1
412 4754.42
413 4740.09
414 4728.31
415 4748.24
416 4800.07
417 4740.54
418 4726.65
419 4805.59
420 4725.89
421 4722.81
422 4758.31
423 4759.88
424 4725.33
425 4716.95
426 4706.26
427 4811.09
428 4737.22
429 4799.18
430 4728.72
431 4684.5
432 4729.35
433 4822.51
434 4760.86
435 4745.22
436 4806.12
437 4855.77
438 4765.46
439 4800.29
440 4715.75
441 4734.3
442 4765.38
443 4777.16
444 4732.37
445 4693.12
446 4714.45
447 4659.62
448 4646.65
449 4654.49
450 4648.58
451 4655.05
452 4714.13
453 4737.23
454 4731.66
455 4711.84
456 4740.14
457 4721.38
458 4729.75
459 4720.35
460 4721.59
461 4788.42
462 4732.92
463 4734.23
464 4714.04
465 4742.95
466 4755.33
467 4769.89
468 4863.03
469 4849.59
470 4786.13
471 4750.35
472 4747
473 4702.74
474 4702.37
475 4730.07
476 4702.8
477 4704.24
478 4717.68
479 4709.08
480 4758.23
481 4779.63
482 4845.92
483 4985.47
484 4893.86
485 4885.15
486 4825.02
487 4750.39
488 4712.59
489 4685.91
490 4690.17
491 4738.78
492 4776.6
493 4681.02
494 4774.56
495 4675.06
496 4719.47
497 4758.54
498 4830.89
499 4783.26
500 4788.98
