1 34816.7
2 32411.7
3 30235.3
4 29198.4
5 27654.3
6 26432.3
7 25570.8
8 24585.1
9 23316.1
10 21381.4
11 20600.5
12 19919.6
13 19069.7
14 18405.4
15 17706.3
16 16884.3
17 16287.5
18 15838.4
19 15227.3
20 14791.9
21 14272.8
22 13835.5
23 13361.3
24 13130.6
25 12934.7
26 12617.5
27 12234.2
28 12122.2
29 11968.3
30 11757.2
31 11489.5
32 11386.6
33 11238.3
34 11107
35 10965.1
36 10863.8
37 10551.8
38 10316.1
39 10054.8
40 9751.13
41 9743.48
42 9708.89
43 9625.51
44 9412.66
45 9327.68
46 9241.52
47 9163.12
48 9034.77
49 8953.8
50 8698.7
51 8641.74
52 8601.76
53 8637.34
54 8617.73
55 8666.99
56 8501.08
57 8185.58
58 7966.23
59 7896.02
60 8011.09
61 7989.68
62 8082.07
63 8115.81
64 7979.38
65 7889.5
66 7789.47
67 7566.02
68 7615.06
69 7503.94
70 7454.86
71 7424.9
72 7403.59
73 7257.55
74 7136.6
75 7237.16
76 7422.91
77 7217.73
78 7147.36
79 7269.1
80 7288.94
81 7205.66
82 7094.55
83 7107.31
84 7090.31
85 7236.34
86 7149.28
87 7302.5
88 7301.71
89 7247.36
90 7018.27
91 7182.77
92 7137.03
93 7181.33
94 7027.96
95 6965.81
96 7075.56
97 6929.71
98 6835.65
99 6831.84
100 6791.85
101 6741.61
102 6679.28
103 6675.17
104 6611.85
105 6681.86
106 6587.87
107 6411.79
108 6410.4
109 6460.09
110 6454.04
111 6485.84
112 6388.22
113 6348.34
114 6291.16
115 6259.22
116 6335.75
117 6324.18
118 6386.26
119 6214.44
120 6221.43
121 6101.81
122 6131.15
123 6144.46
124 6052.7
125 5960.89
126 5953.9
127 5989.26
128 6109.36
129 6056.19
130 5992.12
131 6252.8
132 6223.16
133 5962.95
134 6049.96
135 5935.17
136 5790.89
137 5723.55
138 5789.08
139 5708.82
140 5851.51
141 5837.36
142 5837.44
143 5700.59
144 5760.19
145 5727.35
146 5796.37
147 5819.82
148 5774.82
149 5891.07
150 5738.09
151 5780.85
152 5893.4
153 5656.27
154 5631.78
155 5657.74
156 5728.46
157 5628.16
158 5611.38
159 5647.62
160 5593.87
161 5488.51
162 5477.88
163 5465.02
164 5460.89
165 5475.9
166 5425.03
167 5472.99
168 5510.84
169 5569.2
170 5581.21
171 5551.9
172 5395.18
173 5419.74
174 5375.67
175 5426.88
176 5359.74
177 5326.54
178 5449.01
179 5382.65
180 5450.37
181 5572.84
182 5332.88
183 5326.24
184 5373.59
185 5347.9
186 5368.52
187 5311.05
188 5445.87
189 5371.63
190 5446.4
191 5300.09
192 5283.38
193 5300.46
194 5110.84
195 5031.88
196 5065.54
197 5072.4
198 5048.06
199 5079.78
200 5156.38
201 5156.81
202 5251.47
203 5417.66
204 5310.81
205 5380.61
206 5378.59
207 5407.61
208 5235.51
209 5298.19
210 5408.16
211 5240.33
212 5346.57
213 5239.37
214 5149.9
215 5105.75
216 5154.96
217 5116.9
218 5164.41
219 5243.95
220 5144.42
221 5240.69
222 5219.65
223 5371.86
224 5236.52
225 5433.41
226 5224.35
227 5134.51
228 5179.1
229 5097.19
230 5198.94
231 5162.75
232 5207.98
233 5181.46
234 5139.25
235 5110.52
236 5027.08
237 5287.65
238 5340.32
239 5120.61
240 5051.08
241 4995.24
242 5002.48
243 4995.27
244 5040.62
245 5051.94
246 5029.87
247 5162.47
248 5075.11
249 5081.44
250 5007.49
251 4999.95
252 5014.31
253 4975.6
254 5018.12
255 4960.49
256 5036.79
257 5042.38
258 5144.05
259 4997.47
260 4957.63
261 4959.68
262 4956.3
263 5000.91
264 4943.13
265 4914.62
266 4920.23
267 4881.02
268 4977.02
269 5093.33
270 5145.47
271 5032.83
272 5005.48
273 5057.83
274 4983.84
275 4961.44
276 4995.34
277 4984.59
278 4930.41
279 4956.51
280 5064.77
281 5069.19
282 5190.89
283 5119.32
284 5220.49
285 5170.53
286 5118.29
287 5185.05
288 5156.02
289 5007.63
290 5049.44
291 5256.03
292 5208
293 5054.7
294 5083.76
295 4905.75
296 4932.21
297 4865.64
298 4942.33
299 5043.16
300 5075.25
301 5008.33
302 5063.01
303 5077.89
304 5014.87
305 5015
306 4948.83
307 4908.53
308 4948.38
309 4935.16
310 4980.33
311 5142.05
312 5140.28
313 5183.9
314 5114.37
315 5077.36
316 5033.05
317 5072.95
318 5038.66
319 5015.07
320 5101.12
321 5172.89
322 5171.03
323 5087.57
324 5111.83
325 4934.8
326 4900.41
327 4953.29
328 4928
329 4981.46
330 5019.58
331 4974.58
332 5056.39
333 5121.73
334 5018.88
335 5068.08
336 5108.18
337 5114.69
338 5042.27
339 5079.61
340 4973.55
341 4956.88
342 4936.22
343 4908.19
344 4947.12
345 4981.9
346 4973.1
347 5037.25
348 5082.42
349 5073.88
350 5093.04
351 4978.78
352 4927.55
353 4972.4
354 5013.54
355 5018.75
356 4967.37
357 4899.24
358 4887.59
359 4901.13
360 4917.96
361 4855.64
362 4997.12
363 5119.06
364 5158.36
365 5047.86
366 5065.96
367 5131.97
368 5113.08
369 4994.27
370 5089.18
371 5112.29
372 4998.19
373 5067.94
374 5167.59
375 5203.52
376 5201.38
377 5220.21
378 5101.42
379 5048.31
380 4967.9
381 4925.92
382 4941.31
383 4962.09
384 4965.47
385 5008.1
386 4915.28
387 4854.27
388 4949.06
389 4943.81
390 4994.7
391 4944.7
392 4977.39
393 4967.33
394 4982.29
395 5020.25
396 4951.92
397 4920.74
398 4897.83
399 4933.13
400 4885.17
401 4991.63
402 4977.15
403 4991.06
404 4963
405 5067.4
406 5036.56
407 5068.67
408 4986.71
409 5074.56
410 5131.53
411 5083.58
412 4978.28
413 4907.39
414 4891.06
415 4929.35
416 4937.43
417 4941.99
418 4844.87
419 4860.02
420 4808.05
421 4847.39
422 4917.87
423 4964.26
424 4996.39
425 5074.12
426 4965.98
427 5060.92
428 5044.35
429 4958.44
430 4831.54
431 4904.97
432 5103.32
433 5132.98
434 5088.37
435 4861.19
436 4780.56
437 4762.73
438 4788.74
439 4846.32
440 4787.67
441 4787.35
442 4845.36
443 4824.25
444 4853.22
445 4930.01
446 4841.27
447 4802.01
448 4780.21
449 4782.27
450 4766.95
451 4909.1
452 4927.07
453 5004.28
454 5012.54
455 4991.54
456 4946.87
457 4931.76
458 4884.24
459 4935.18
460 4956.47
461 4907.37
462 4898.64
463 4915.21
464 4936.03
465 4901.36
466 4957.58
467 4901.39
468 4950.84
469 4897.11
470 4805.23
471 4832.29
472 4864.45
473 4817.36
474 4837.67
475 4815.12
476 4842.6
477 4881.22
478 4834.62
479 4798.89
480 4842.04
481 4778.16
482 4806.81
483 4766.21
484 4748.99
485 4724.41
486 4736.05
487 4764.01
488 4782.9
489 4797.14
490 4746.79
491 4749.16
492 4762.07
493 4839.86
494 4874.63
495 4863.96
496 4831.77
497 4803.67
498 4767.89
499 4768.56
500 4804
