0 3.04878 0
1000 2.97788 0.0709019
2000 3.064 0.095356
3000 3.0817 0.0697111
4000 3.09036 0.054688
5000 3.08812 0.0447087
6000 3.06224 0.0457975
7000 3.11653 0.0672284
8000 3.13938 0.063544
9000 3.14596 0.0572145
10000 3.13712 0.052501
11000 3.13611 0.0479373
12000 3.12727 0.044974
13000 3.13505 0.0423592
14000 3.12387 0.0409883
15000 3.11918 0.0386273
16000 3.12363 0.0365563
17000 3.11948 0.0347156
18000 3.10874 0.0345488
19000 3.11004 0.0328017
20000 3.1212 0.0331378
21000 3.14052 0.037031
22000 3.14244 0.0354364
23000 3.14463 0.0339981
24000 3.13546 0.0338738
25000 3.13506 0.0325474
26000 3.13919 0.0315908
27000 3.1353 0.030689
28000 3.13771 0.0297096
29000 3.13761 0.0287024
30000 3.13881 0.0277867
31000 3.13807 0.0269144
32000 3.13537 0.026226
33000 3.13421 0.0254693
34000 3.12845 0.0253932
35000 3.12917 0.0246884
36000 3.13013 0.024031
37000 3.12873 0.0234319
38000 3.12888 0.0228237
39000 3.12089 0.0236396
40000 3.125 0.0234197
41000 3.12385 0.0228839
42000 3.12411 0.0223468
43000 3.11956 0.0223018
44000 3.11904 0.0218069
45000 3.12394 0.0218834
46000 3.12723 0.0216644
47000 3.12502 0.0213231
48000 3.12443 0.0208918
49000 3.12093 0.0207653
50000 3.1181 0.020551
51000 3.11571 0.0202927
52000 3.12024 0.0204147
53000 3.11979 0.0200381
54000 3.11918 0.0196798
55000 3.12072 0.019386
56000 3.11757 0.0193016
57000 3.11513 0.0191219
58000 3.11563 0.0188017
59000 3.11835 0.0186843
60000 3.12063 0.0185162
61000 3.11732 0.0185133
62000 3.1155 0.0183072
63000 3.11319 0.0181669
64000 3.11744 0.0183847
65000 3.12228 0.018738
66000 3.1216 0.0184686
67000 3.12194 0.0181981
68000 3.11983 0.0180564
69000 3.11752 0.0179451
70000 3.11578 0.0177759
71000 3.11578 0.0175272
72000 3.1215 0.0182083
73000 3.12235 0.0179809
74000 3.12458 0.0178789
75000 3.12433 0.0176438
76000 3.12485 0.017421
77000 3.12424 0.0172072
78000 3.12566 0.0170471
79000 3.12717 0.0169006
80000 3.12839 0.016735
81000 3.13158 0.0168343
82000 3.13222 0.0166426
83000 3.13272 0.016451
84000 3.13508 0.0164267
85000 3.13397 0.0162726
86000 3.13691 0.0163511
87000 3.13581 0.0162021
88000 3.1359 0.0160193
89000 3.13423 0.0159287
90000 3.13319 0.015787
91000 3.13548 0.0157825
92000 3.13558 0.0156122
93000 3.13496 0.0154578
94000 3.13538 0.0152999
95000 3.13419 0.0151864
96000 3.13331 0.0150548
97000 3.13468 0.0149636
98000 3.13519 0.0148203
99000 3.13599 0.0146933
